0.751752708324409 0.319587800216072 0.702508771767431 0.244783989555772 0.5 0.576496412517012
0 0.520929761995093 0.702508771767431 0.368853410333516 0.6 0.513389661263262
0.793141504367769 0.35576643397324 0.271328119779503 0.368853410333516 0.5 0.477993457756508
0 0.260457129989303 0.414482996046411 0.413448636538203 0.5 0.312551734481402
0.409202344033358 0.576858084711488 0.602431653113507 0.413448636538203 0.6 0.533523096690761
0.162406426895362 0.383905371339926 0.530499436299989 0.296717525726709 0.6 0.394126084748961
0.0377380696367257 0.481250884392246 0.301088313364384 0.53269085304322 0.5 0.371708241053291
0.655675667221259 0.473949970913322 0.676678564190069 0.706304739114956 0.7 0.616888682353585
0.106739379796076 0.416064156901853 0.479980368192133 0.244783989555772 0.5 0.37461560252754
0.32978740119747 0.453170447934846 0.676678564190069 0.345535478047034 0.5 0.504195337753552
0 0.538459534786799 0.393141365611134 0.345535478047034 0.5 0.397525432078719
0 0.416064156901853 0.560027224033637 0.217565361185825 0.5 0.403853195475199
0.32978740119747 0.466841186736475 0.43292560284213 0.368853410333516 0.5 0.415692970253221
0.409202344033358 0.49646112080667 0.560027224033637 0.816340271796993 0.6 0.546948431868939
0.588949607655959 0.684054036584578 0.731214626703342 0.368853410333516 0.5 0.649597131909445
0.554634086925582 0.698211992492344 0.781323707941255 0.368853410333516 0.6 0.666046305662897
0.588949607655959 0.566808464223386 0.576162895421524 0.413448636538203 0.5 0.559473180149467
0.666573517258028 0.481250884392246 0.485780312957075 0.568169002390323 0.7 0.541927835409251
0.179513523673849 0.351415051906227 0.385075500405528 0.160441319476384 0.5 0.313956004466894
0.179513523673849 0.466841186736475 0.611817657669879 0.244783989555772 0.6 0.454199099484101
0 0.338883071553229 0.393141365611134 0.633605536152689 0.6 0.366779195647952
0.383351080912705 0.399430302300857 0.702508771767431 0.189464000332259 0.5 0.500000000000017
0.803375698028507 0.488751822897989 0.49778650936232 0.475624239854498 0.7 0.579361488798979
0.434519921604966 0.421875985617864 0.273896167637825 0.345535478047034 0.5 0.374596492716339
0.611459327144555 0.63230426671481 0.510378600866757 0.745698918914987 0.6 0.605886950786379
0.144674876171709 0.609016870273415 0.716462801421065 0.53269085304322 0.7 0.569699303830061
0.709589507014902 0.504387582036723 0.621557933634459 0.455495881352293 0.4 0.591594501989636
0.863902436796457 0.576858084711488 0.631680277293323 0.345535478047034 0.5 0.652743339694276
0.471604760099056 0.305426133179628 0.229001136065662 0.130456599319066 0.5 0.318412555676698
1 0.271349621873182 0.341350931974893 0.837742077023368 0.5 0.6155704356219
0.0634676149522354 0.35576643397324 0.576162895421524 0.692500967723088 0.6 0.453698490480734
0.64471709944626 0.597945812948817 0.552322571875593 0.663814755330782 0.7 0.603329895704897
0.751752708324409 0.36020942408377 0.50400576645403 0.345535478047034 0.7 0.520453849883981
0.577586959006651 0.609016870273415 0.358678691765567 0.692500967723088 0.6 0.544638914257401
0.287639235518395 0.488751822897989 0.43292560284213 0.345535478047034 0.5 0.414145874236725
0.495793640609848 0.446594649523936 0.334732962181678 0.244783989555772 0.6 0.406960403858236
0.383351080912705 0.440183246073298 0.261304076133389 0.345535478047034 0.5 0.365292879471212
0 0.330937959826164 0.746861034095688 0.368853410333516 0.5 0.481555275079144
0.507740919617883 0.440183246073298 0.362288354527462 0.568169002390323 0.6 0.451432662210054
0.813566615881486 0.972658522396742 0.702508771767431 0.770388255517677 0.6 0.831561012188887
0.0377380696367257 0.620463217676812 0.716462801421065 0.816340271796993 0.6 0.607991643137935
0.273133964380948 0.453170447934846 0.653199959947014 0.455495881352293 0.5 0.496474062531823
0.343435260591747 0.473949970913322 0.516912789883273 0.805258220685933 0.6 0.513152683321003
0.622610799300406 0.459917046304481 0.664672367784824 0.53269085304322 0.7 0.579499277305045
0.863902436796457 0.440183246073298 0.925753088923437 0.568169002390323 0.5 0.743700012598567
0.51959520719808 0.342976007897474 0.523616716939682 0.53269085304322 0.5 0.47284392347175
0.273133964380948 0.404845975891879 0.584625511943319 0.475624239854498 0.5 0.455862955795134
0.588949607655959 0.620463217676812 0.843564422612572 0.648907157422786 0.6 0.697064248256599
0 0.488751822897989 0.664672367784824 0.189464000332259 0.5 0.473819169802774
0.258367091191525 0.351415051906227 0.381135169205889 0.217565361185825 0.5 0.32899830971529
0.196092761971144 0.529565753002772 0.59337505087416 0.585193264430183 0.4 0.504120444269492
0.666573517258028 0.744083769633508 0.800449988462208 0.413448636538203 0.6 0.71486598204138
0.409202344033358 0.459917046304481 0.560027224033637 0.217565361185825 0.5 0.463507444816029
0.243313169500131 0.473949970913322 0.485780312957075 0.413448636538203 0.5 0.427963944486379
0.106739379796076 0.760622573636784 0.800449988462208 0.633605536152689 0.5 0.666851531147383
0.273133964380948 0.512540513587634 0.355118819045373 0.160441319476384 0.5 0.382703433710229
0.370206596202787 0.512540513587634 0.653199959947014 0.434778418583807 0.5 0.526829417584006
0.162406426895362 0.481250884392246 0.689270655694506 0.271156473717708 0.6 0.493497943522557
0.483749604067474 0.446594649523936 0.552322571875593 0.475624239854498 0.5 0.494836081039487
0.873851494231752 0.0383853962327114 0.530499436299989 0.271156473717708 0.5 0.528509888286905
0.144674876171709 0.597945812948817 0.576162895421524 0.633605536152689 0.4 0.524845771346118
0.434519921604966 0.481250884392246 0.653199959947014 0.160441319476384 0.5 0.510258374125289
0.421924445236697 0.32708110947322 0.452788222465574 0.160441319476384 0.5 0.38180040957406
0.698918830528897 0.369382048828088 0.331486546039008 0.514201115642476 0.7 0.474918052243358
0 0.921976759034606 0.474307905119265 0.78229089557135 0.6 0.648387407455362
0.923046209222609 0.260457129989303 0.763517566771068 0.692500967723088 0.7 0.683329706046494
0.698918830528897 0.277072795574881 0.731214626703342 0.678341743026102 0.6 0.605502685738038
0.741287341026795 0.334871183453424 0.868162710522254 0.732892632189337 0.7 0.687249964911958
0.301904557093806 0.520929761995093 0.631680277293323 0.391482165284774 0.7 0.506388861442313
0.622610799300406 0.512540513587634 0.2081764028197 0.475624239854498 0.5 0.465605038642471
0.126184840990427 0.433930148880701 0.284431780689005 0.368853410333516 0.5 0.327055227572418
0.21221676089642 0.446594649523936 0.576162895421524 0.391482165284774 0.6 0.447902927479572
0.179513523673849 0.315947182982647 0.611817657669879 0.413448636538203 0.5 0.425559386534188
0.873851494231752 0.972658522396742 0.306888258129326 0.648907157422786 0.6 0.752273596529058
0.0860241960527671 0.512540513587634 0.544841274712324 0.368853410333516 0.5 0.445988382767021
0.162406426895362 0.404845975891879 0.463323835516753 0.368853410333516 0.5 0.380477258590487
0.421924445236697 0.504387582036723 0.414482996046411 0.495185619243854 0.5 0.456823236095326
0.633696083792089 0.538459534786799 0.452788222465574 0.706304739114956 0.6 0.559737288365735
0.243313169500131 0.151532211150519 0.676678564190069 0.244783989555772 0.5 0.420061963873108
0.483749604067474 0.529565753002772 0.249297879728143 0.413448636538203 0.5 0.431341322563648
0.531360013531378 0.504387582036723 0.377254093357297 0.413448636538203 0.7 0.46355173029696
0.446994834730976 0.302046644455021 0.303971993424357 0.189464000332259 0.5 0.332508424887288
0.813566615881486 0.323298429319372 0.664672367784824 0.495185619243854 0.5 0.600786102818308
0.0860241960527671 0.446594649523936 0.468757440006765 0.601763558267245 0.4 0.424406880667577
0.446994834730976 0.374117914864557 0.428189934555892 0.758194128634802 0.7 0.468299086838376
0.64471709944626 0.410389077096807 0.664672367784824 0.244783989555772 0.5 0.549575044608434
0.287639235518395 0.466841186736475 0.611817657669879 0.706304739114956 0.6 0.519517398744091
0.0634676149522354 0.453170447934846 0.821107945172251 0.357282325104895 0.3 0.548230784294457
0.243313169500131 0.298728047419147 0.249297879728143 0.217565361185825 0.5 0.261708315452327
0.0634676149522354 0.566808464223386 0.523616716939682 0.523510482961694 0.6 0.47543416392585
0.566149299873861 0.404845975891879 0.365949219884575 0.345535478047034 0.5 0.430941701558397
0.507740919617883 0.587231886505658 0.43292560284213 0.368853410333516 0.7 0.49890277182966
0.409202344033358 0.421875985617864 0.479980368192133 0.368853410333516 0.5 0.433022429810514
0.95214583352466 0.338883071553229 0.731214626703342 0.601763558267245 0.5 0.682291140189929
0.577586959006651 0.529565753002772 0.49778650936232 0.827165601017913 0.7 0.574421499803002
0.588949607655959 0.453170447934846 0.491713601398635 0.78229089557135 0.7 0.546148902462776
0.21221676089642 0.488751822897989 0.405733457115571 0.550674036574378 0.6 0.420679573924443
0 0.557068062827225 0.716462801421065 0.160441319476384 0.5 0.519223382627695
0.370206596202787 0.374117914864557 0.306888258129326 0.160441319476384 0.5 0.333183605181975
0.730772488867881 0.383905371339926 0.653199959947014 0.455495881352293 0.5 0.579220871987368
0.554634086925582 0.504387582036723 0.268785373296658 0.475624239854498 0.5 0.452404880782376
0.243313169500131 0.421875985617864 0.242353424527247 0.321500095697779 0.5 0.320554978837803
0.507740919617883 0.538459534786799 0.925753088923437 0.816340271796993 0.7 0.714240486852411
0 0.63230426671481 0.868162710522254 0.455495881352293 0.6 0.630672874301923
0.709589507014902 0.0539199693424685 0.328280459090944 0.244783989555772 0.6 0.401248845221563
0.51959520719808 0.481250884392246 0.315840138646661 0.0994668458781365 0.5 0.414533638437263
0.258367091191525 0.453170447934846 0.401467464446407 0.53269085304322 0.6 0.409626768015844
0.383351080912705 0.459917046304481 0.567968979267939 0.495185619243854 0.6 0.486062012480593
0.396346984697818 0.36020942408377 0.523616716939682 0.296717525726709 0.5 0.421836827462302
0.483749604067474 0.421875985617864 0.358678691765567 0.217565361185825 0.5 0.399719335236337
0.471604760099056 0.142548712689588 0.621557933634459 0.719764856137234 0.6 0.49473906303517
0.273133964380948 1 0.631680277293323 0.585193264430183 0.6 0.714855324538744
0.873851494231752 0.28299332009388 0.59337505087416 0.678341743026102 0.7 0.610926548911196
0.383351080912705 0.453170447934846 0.303971993424357 0.271156473717708 0.6 0.373617923924105
0.45935474306395 0.35576643397324 0.369662761368079 0.413448636538203 0.6 0.393539192347486
0.370206596202787 0.421875985617864 0.50400576645403 0.475624239854498 0.5 0.44570228301477
0.751752708324409 0.36020942408377 0.50400576645403 0.345535478047034 0.7 0.520453849883981
0 0.481250884392246 0.552322571875593 0.345535478047034 0.6 0.433336646351636
0 0.547622825109736 0.44266587880671 0.345535478047034 0.5 0.417894763607886
0.32978740119747 0.446594649523936 0.312821546570886 0.189464000332259 0.6 0.355018504174218
0 0.416064156901853 0.576162895421524 0.321500095697779 0.5 0.419082949821808
0 0.35576643397324 0.800449988462208 0.648907157422786 0.4 0.545743022000551
0.258367091191525 0.466841186736475 0.537570746593316 0.321500095697779 0.5 0.438095178530091
0.370206596202787 0.834128369206903 0.196443169613198 0.244783989555772 0.5 0.526512301579389
0.655675667221259 0.274187161775705 0.373430517047844 0.550674036574378 0.6 0.453964846667778
0.45935474306395 0.399430302300857 0.358678691765567 0.296717525726709 0.5 0.391408979312188
0.0634676149522354 0.547622825109736 0.631680277293323 0.244783989555772 0.6 0.483971550515661
0.698918830528897 0.410389077096807 0.468757440006765 0.805258220685933 0.6 0.562766115888233
0.434519921604966 0.446594649523936 0.602431653113507 0.368853410333516 0.5 0.49227509116877
0.633696083792089 0.466841186736475 0.447677428124407 0.455495881352293 0.6 0.504111666624538
0.32978740119747 0.512540513587634 0.510378600866757 0.130456599319066 0.5 0.443731448238442
0.0634676149522354 0.587231886505658 0.653199959947014 0.568169002390323 0.6 0.537338064861505
0.893637461175402 0.0468669260093402 0.868162710522254 0.345535478047034 0.7 0.667738925272038
0.179513523673849 0.620463217676812 0.576162895421524 0.413448636538203 0.6 0.509734459344499
0.762169733727708 0.466841186736475 0.43292560284213 0.345535478047034 0.6 0.530682258896173
0.720206959297661 0.0313210959019323 0.381135169205889 0.160441319476384 0.5 0.414768451252351
0 0.14694589877836 0.479980368192133 0.217565361185825 0.6 0.295076311039696
0.751752708324409 0.410389077096807 0.389076924440191 0.475624239854498 0.6 0.512651654126988
0.903475748621424 0.36020942408377 0.544841274712324 0.53269085304322 0.6 0.602517027018432
0.751752708324409 0.36020942408377 0.271328119779503 0.244783989555772 0.5 0.453353589401372
0.600239642845211 0.657255048616305 0.631680277293323 0 0.6 0.594620850263338
0.655675667221259 0.488751822897989 0.800449988462208 0.793911265526805 0.8 0.678070402886834
0.396346984697818 0.459917046304481 0.479980368192133 0.189464000332259 0.5 0.429119053716921
0.0634676149522354 0.427829566253778 0.289865385179016 0.296717525726709 0.6 0.312760032567944
0.144674876171709 0.453170447934846 0.458002272131325 0.345535478047034 0.6 0.391631523212629
0.64471709944626 0.504387582036723 0.373430517047844 0.244783989555772 0.5 0.481815141832995
0.434519921604966 0.512540513587634 0.224699591818461 0.217565361185825 0.5 0.389043706452561
0.471604760099056 0.433930148880701 0.479980368192133 0.434778418583807 0.5 0.458252418988668
0.370206596202787 0.404845975891879 0.369662761368079 0.391482165284774 0.6 0.384103051829747
0.196092761971144 0.378957865868861 0.458002272131325 0.495185619243854 0.7 0.390260646719537
0.588949607655959 0.36020942408377 0.664672367784824 0.434778418583807 0.5 0.537194327832432
0.343435260591747 0.298728047419147 0.344724662111933 0.217565361185825 0.5 0.317182118454097
0.0634676149522354 0.459917046304481 0.544841274712324 0.53269085304322 0.6 0.446028552735347
0.144674876171709 0.459917046304481 0.315840138646661 0.244783989555772 0.5 0.335841410502592
0.566149299873861 0.427829566253778 0.414482996046411 0.217565361185825 0.6 0.442340880213423
0.577586959006651 0.576858084711488 0.702508771767431 0.719764856137234 0.7 0.637797372696203
0 0.35576643397324 0.401467464446407 0.321500095697779 0.4 0.324536677444125
0.32978740119747 0.446594649523936 0.414482996046411 0.217565361185825 0.5 0.388965012500341
0.793141504367769 0.364746945898778 0.491713601398635 0.0994668458781365 0.5 0.519687435159969
0.434519921604966 0.351415051906227 0.576162895421524 0.189464000332259 0.6 0.442603570816695
0.409202344033358 0.453170447934846 0.188907256709517 0.244783989555772 0.5 0.352783729351572
0 0.473949970913322 0.423539598285758 0.160441319476384 0.5 0.365846848287675
0 0.670410915437093 0.800449988462208 0.53269085304322 0.5 0.621529589667999
0.409202344033358 0.330937959826164 0.567968979267939 0.368853410333516 0.6 0.441739003781843
0.698918830528897 0.383905371339926 0.642215890344502 0.732892632189337 0.7 0.59922814992518
0.531360013531378 0.488751822897989 0.468757440006765 0.617895882254132 0.7 0.509643128370297
0.421924445236697 0.504387582036723 0.414482996046411 0.495185619243854 0.5 0.456823236095326
0.409202344033358 0.308868205028763 0.268785373296658 0.189464000332259 0.5 0.312735660921983
0.531360013531378 0.587231886505658 0.821107945172251 0.475624239854498 0.6 0.650147076402847
0 0.286030806586236 0.576162895421524 0.434778418583807 0.5 0.395144922682855
0.287639235518395 0.566808464223386 0.611817657669879 0.816340271796993 0.6 0.568456488602601
0.730772488867881 0.292267062039568 0.530499436299989 0.244783989555772 0.5 0.50105428057763
0.600239642845211 0.378957865868861 0.602431653113507 0.376471547486285 0.6 0.51492057384608
0.655675667221259 0.427829566253778 0.763517566771068 0.160441319476384 0.6 0.593069067889892
0.409202344033358 0.421875985617864 0.397270840593775 0.368853410333516 0.6 0.405028455040667
0.434519921604966 0.105377584523915 0.306888258129326 0.189464000332259 0.5 0.287378341734506
0.655675667221259 0.64456079115765 0.530499436299989 0.585193264430183 0.7 0.605727713108661
0 0.529565753002772 0.642215890344502 0.585193264430183 0.6 0.51441929159847
0 0.512540513587634 0.523616716939682 0.633605536152689 0.6 0.470240508631787
0.21221676089642 0.383905371339926 0.843564422612572 0.258073787565504 0.5 0.544313015185313
0.21221676089642 0.777850494473531 0.621557933634459 0.732892632189337 0.5 0.628425662599263
0.698918830528897 0.388964056709218 0.781323707941255 0.271156473717708 0.5 0.608041338321832
0.409202344033358 0.416064156901853 0.800449988462208 0.514201115642476 0.6 0.57770186193664
0.45935474306395 0.547622825109736 0.240079518360747 0.217565361185825 0.6 0.413437240360059
0.243313169500131 0.538459534786799 0.43774979339998 0.130456599319066 0.5 0.414527187069526
0.273133964380948 0.404845975891879 0.763517566771068 0.53269085304322 0.6 0.540901699261547
0.543038617260675 0.394137712200539 0.295415850291516 0.217565361185825 0.5 0.391591776003488
0.315948554359728 0.427829566253778 0.447677428124407 0.455495881352293 0.5 0.414743075260572
0.554634086925582 0.481250884392246 0.309837852295225 0.475624239854498 0.5 0.452724287451342
0.32978740119747 0.898445940330757 0.271328119779503 0.827165601017913 0.7 0.625795707691481
0.588949607655959 0.440183246073298 0.428189934555892 0.550674036574378 0.6 0.489106804346925
0.32978740119747 0.453170447934846 0.405733457115571 0.321500095697779 0.5 0.396858146784374
0.971381606651975 0 0.479980368192133 0.217565361185825 0.5 0.549071855305458
0.64471709944626 0.898445940330757 0.821107945172251 0.514201115642476 0.5 0.779960011192045
0.793141504367769 0.504387582036723 0.385075500405528 0.391482165284774 0.5 0.544134805608993
0.720206959297661 0.712914485165794 0.611817657669879 0.877706630636264 0.7 0.70590270341993
0.162406426895362 0.330937959826164 0.362288354527462 0.321500095697779 0.5 0.3103410057147
0 0.378957865868861 0.781323707941255 0.648907157422786 0.7 0.541826728085119
0.709589507014902 0.131341250585281 0.325113711626281 0.0342879522381606 0.5 0.397561364148238
0.782863100125991 0.399430302300857 0.689270655694506 0.585193264430183 0.7 0.624106943486646
0.144674876171709 0.399430302300857 0.401467464446407 0.514201115642476 0.6 0.374044069082238
0 0.36020942408377 0.491713601398635 0.455495881352293 0.6 0.380384660930646
0.421924445236697 0.323298429319372 0.303971993424357 0.391482165284774 0.5 0.351559359292336
0.21221676089642 0.576858084711488 0.43774979339998 0.296717525726709 0.5 0.436764331025093
0.622610799300406 0.520929761995093 0.731214626703342 0.758194128634802 0.6 0.647740926117674
0.434519921604966 0.712914485165794 0.341350931974893 0.550674036574378 0.6 0.531472470808866
0.51959520719808 0.433930148880701 0.537570746593316 0.585193264430183 0.6 0.508126038217948
0.0377380696367257 0.466841186736475 0.516912789883273 0.53269085304322 0.6 0.436832205852644
0.409202344033358 0.399430302300857 0.292625696842589 0.321500095697779 0.5 0.361767628884777
0.88376293551188 0.369382048828088 0.763517566771068 0.719764856137234 0.6 0.690695802142044
0.301904557093806 0.271349621873182 0.960215762769004 0.601763558267245 0.6 0.621341744511761
0.698918830528897 0.453170447934846 0.338020735055524 0.368853410333516 0.6 0.483909691395201
0.495793640609848 0.453170447934846 0.414482996046411 0.321500095697779 0.5 0.438150157195192
0.622610799300406 0.566808464223386 0.702508771767431 0.455495881352293 0.6 0.615730362511305
0 0.229449306378263 0.895354856248814 0.550674036574378 0.3 0.558588301278002
0.88376293551188 0.404845975891879 0.702508771767431 0.877706630636264 0.8 0.69770069333771
0.343435260591747 0.459917046304481 0.530499436299989 0.475624239854498 0.5 0.462495399029672
0.258367091191525 0.657255048616305 0.602431653113507 0.770388255517677 0.6 0.585658345781545
0 0.416064156901853 0.653199959947014 0.345535478047034 0.6 0.45622666257235
0.343435260591747 0.364746945898778 0.369662761368079 0.368853410333516 0.6 0.3619687652567
0.162406426895362 0.481250884392246 0.689270655694506 0.271156473717708 0.6 0.493497943522557
0.471604760099056 0.453170447934846 0.381135169205889 0.244783989555772 0.6 0.415673254872887
0.343435260591747 0.446594649523936 0.621557933634459 0.321500095697779 0.6 0.478981376651495
0.179513523673849 0.388964056709218 0.611817657669879 0.455495881352293 0.6 0.44954526931932
0.531360013531378 0.587231886505658 0.664672367784824 0.550674036574378 0.6 0.597175811980783
0.370206596202787 0.440183246073298 0.567968979267939 0.321500095697779 0.5 0.459839154530594
0.0860241960527671 0.440183246073298 0.306888258129326 0.321500095697779 0.6 0.327378291841334
0.343435260591747 0.364746945898778 0.279110217303576 0.262457481739259 0.6 0.32265641735077
0.543038617260675 0.394137712200539 0.516912789883273 0.160441319476384 0.5 0.457138806042466
0.751752708324409 0.557068062827225 0.621557933634459 0.78229089557135 0.6 0.6559378338989
0.942479313455689 0.481250884392246 0.344724662111933 0.719764856137234 0.7 0.618867296378181
0 0.587231886505658 0.602431653113507 0.758194128634802 0.6 0.544875880792919
0.356904626989109 0.488751822897989 0.485780312957075 0.189464000332259 0.5 0.433415704540576
0.720206959297661 0.323298429319372 0.653199959947014 0.391482165284774 0.6 0.558225089314034
0.315948554359728 0.35576643397324 0.523616716939682 0.244783989555772 0.5 0.40020269828476
0.51959520719808 0.416064156901853 0.181585157668097 0.244783989555772 0.5 0.370383481171228
0.21221676089642 0.295468711044627 0.664672367784824 0.244783989555772 0.5 0.434482389019836
0.409202344033358 0.280007756447547 0.198362038529548 0.189464000332259 0.5 0.285758461669914
0.106739379796076 0.597945812948817 0.731214626703342 0.455495881352293 0.6 0.562049955746598
0.803375698028507 0.03155693822664 0.479980368192133 0.160441319476384 0.5 0.478844810847323
0.446994834730976 0.453170447934846 0.423539598285758 0.495185619243854 0.6 0.447612576329417
0.793141504367769 0.684054036584578 0.702508771767431 0.475624239854498 0.7 0.696792077743119
0.495793640609848 0.427829566253778 0.362288354527462 0.296717525726709 0.5 0.412097106266954
0.0377380696367257 0.440183246073298 0.43292560284213 0.296717525726709 0.5 0.366220336381409
0.698918830528897 0.410389077096807 0.50400576645403 0.475624239854498 0.6 0.527271201836216
0.554634086925582 0.416064156901853 0.731214626703342 0.53269085304322 0.6 0.578467045017661
0.45935474306395 0.777850494473531 0.458002272131325 0.816340271796993 0.5 0.626109920191184
0.893637461175402 0.0342284524010583 0.423539598285758 0.189464000332259 0.5 0.500000000000026
0 0.744083769633508 0.393141365611134 0.931353390248937 0.6 0.575927184327393
0.893637461175402 0.0313210959019323 0.567968979267939 0.130456599319066 0.6 0.542231951024357
0.688193568422137 0.351415051906227 0.17800056281748 0.189464000332259 0.5 0.406982254034941
0.666573517258028 0.323298429319372 0.868162710522254 0.692500967723088 0.7 0.662098462470511
0.588949607655959 0.587231886505658 0.895354856248814 0.648907157422786 0.7 0.708526642915375
0.243313169500131 0.49646112080667 0.474307905119265 0.692500967723088 0.6 0.472288436547791
0.543038617260675 0.538459534786799 0.418971573188496 0.434778418583807 0.6 0.492152635967473
0.698918830528897 0.277072795574881 0.731214626703342 0.678341743026102 0.6 0.605502685738038
0.577586959006651 0.587231886505658 0.584625511943319 0.244783989555772 0.6 0.554641305156338
0.698918830528897 0.394137712200539 0.560027224033637 0.368853410333516 0.6 0.531432831227293
0.343435260591747 0.369382048828088 0.348143078714388 0.160441319476384 0.4 0.337823445765715
0.698918830528897 0.404845975891879 0.235590941218663 0.244783989555772 0.5 0.439039994051202
0.301904557093806 0.338883071553229 0.341350931974893 0.189464000332259 0.5 0.317044684766324
0.471604760099056 0.473949970913322 0.381135169205889 0.244783989555772 0.5 0.42311760364408
0.698918830528897 0.095762652705061 0.689270655694506 0.514201115642476 0.6 0.549892198884204
0.677412295281108 0.481250884392246 0.59337505087416 0.244783989555772 0.5 0.551047286380159
0.396346984697818 0.547622825109736 0.365949219884575 0.391482165284774 0.5 0.442076092921329
0.434519921604966 0.383905371339926 0.35160738147224 0.745698918914987 0.6 0.444526315629536
0.588949607655959 0.446594649523936 0.385075500405528 0.321500095697779 0.5 0.454055450216336
0.507740919617883 0.399430302300857 0.468757440006765 0.475624239854498 0.7 0.458172308303099
0.873851494231752 0.421875985617864 0.49778650936232 0.368853410333516 0.7 0.577085120729533
0.971381606651975 0.547622825109736 0.523616716939682 0.837742077023368 0.7 0.70000000000008
0.21221676089642 0.698211992492344 0.611817657669879 0.706304739114956 0.5 0.590272972027254
0.258367091191525 0.466841186736475 0.510378600866757 0.568169002390323 0.6 0.456711979895044
0.356904626989109 0.347152473554867 0.295415850291516 0.160441319476384 0.5 0.316549545765974
0.0634676149522354 0.427829566253778 0.289865385179016 0.296717525726709 0.6 0.312760032567944
0.471604760099056 0.191771990084592 0.485780312957075 0.244783989555772 0.6 0.384023618539639
0.600239642845211 0.347152473554867 0.621557933634459 0.296717525726709 0.5 0.508819828177223
0.196092761971144 0.280007756447547 0.731214626703342 0.53269085304322 0.6 0.490682185337384
0.709589507014902 0.0434928607575779 0.523616716939682 0.217565361185825 0.5 0.46151178617179
0.793141504367769 0.374117914864557 0.642215890344502 0.719764856137234 0.7 0.622422261813819
0.32978740119747 0.421875985617864 0.689270655694506 0.413448636538203 0.6 0.506927444534959
0 0.466841186736475 0.479980368192133 0.514201115642476 0.6 0.419882886329283
0.45935474306395 0.410389077096807 0.369662761368079 0.568169002390323 0.6 0.431674309704122
0.600239642845211 0.378957865868861 0.602431653113507 0.376471547486285 0.6 0.51492057384608
0.698918830528897 0.388964056709218 0.781323707941255 0.271156473717708 0.5 0.608041338321832
0.243313169500131 0.351415051906227 0.611817657669879 0.217565361185825 0.5 0.424888606887858
0.196092761971144 0.169264174682414 0.702508771767431 0.321500095697779 0.4 0.435967387281133
0.531360013531378 0.369382048828088 0.244647543458009 0.244783989555772 0.5 0.369989009948182
0.622610799300406 0.347152473554867 0.895354856248814 0.758194128634802 0.6 0.676017613251955
0.0860241960527671 0.684054036584578 0.746861034095688 0.648907157422786 0.6 0.619195885086
0.698918830528897 0.083756706095275 0.249297879728143 0.189464000332259 0.5 0.375796595977078
0.446994834730976 0.36020942408377 0.341350931974893 0.130456599319066 0.6 0.358636872362138
0.106739379796076 0.274187161775705 0.423539598285758 0.550674036574378 0.6 0.347552718119002
0.611459327144555 0.657255048616305 0.544841274712324 0.568169002390323 0.6 0.601487582941901
0.0377380696367257 0.394137712200539 0.716462801421065 0.475624239854498 0.7 0.493284474962616
0.772539513544533 0.488751822897989 0.925753088923437 0.633605536152689 0.6 0.73614008599631
0 0.566808464223386 0.43292560284213 0.514201115642476 0.6 0.442610546657972
0.51959520719808 0.481250884392246 0.315840138646661 0.0994668458781365 0.5 0.414533638437263
0.64471709944626 0.410389077096807 0.664672367784824 0.244783989555772 0.5 0.549575044608434
0.698918830528897 0.342976007897474 0.200295281129751 0.321500095697779 0.5 0.42179011002254
0.677412295281108 0.576858084711488 0.602431653113507 0.53269085304322 0.6 0.605254791232708
0.421924445236697 0.473949970913322 0.263773823978961 0.296717525726709 0.5 0.383998993615851
0.421924445236697 0.512540513587634 0.664672367784824 0.160441319476384 0.5 0.522302286465061
0.370206596202787 0.433930148880701 0.576162895421524 0.321500095697779 0.5 0.46120676781514
0.782863100125991 0.481250884392246 0.385075500405528 0.514201115642476 0.5 0.545887835173135
0.709589507014902 0.529565753002772 0.702508771767431 0.633605536152689 0.6 0.644939996832094
0.106739379796076 0.834128369206903 0.315840138646661 0.475624239854498 0.4 0.535828476592246
0.0377380696367257 0.453170447934846 0.567968979267939 0.816340271796993 0.6 0.499767705524299
0.611459327144555 0.404845975891879 0.25165485209438 0.189464000332259 0.5 0.406894414193991
0.677412295281108 0.481250884392246 0.653199959947014 0.719764856137234 0.6 0.617882313567805
0.0634676149522354 0.416064156901853 0.843564422612572 0.568169002390323 0.3 0.570261997592763
0.356904626989109 0.504387582036723 0.452788222465574 0.160441319476384 0.6 0.426230951708153
0.0634676149522354 0.547622825109736 0.631680277293323 0.244783989555772 0.6 0.483971550515661
0.813566615881486 0.538459534786799 0.611817657669879 0.391482165284774 0.6 0.623206349865937
0.409202344033358 0.364746945898778 0.258857738572231 0.160441319476384 0.5 0.327280986627335
0 0.566808464223386 0.43292560284213 0.514201115642476 0.6 0.442610546657972
0 0.351415051906227 0.523616716939682 0.0994668458781365 0.6 0.360338483361096
0.709589507014902 0.453170447934846 0.468757440006765 0.568169002390323 0.6 0.542049494231496
0.179513523673849 0.657255048616305 0.960215762769004 0.837742077023368 0.5 0.726937318146708
0.751752708324409 0.427829566253778 0.59337505087416 0.321500095697779 0.7 0.563882993539042
0.611459327144555 0.520929761995093 0.516912789883273 0.550674036574378 0.7 0.545740183123003
0.409202344033358 0.374117914864557 0.485780312957075 0.368853410333516 0.6 0.420711309050783
0.566149299873861 0.378957865868861 0.653199959947014 0.475624239854498 0.5 0.535149637590339
0.356904626989109 0.351415051906227 0.242353424527247 0.160441319476384 0.5 0.30321975577496
0.0634676149522354 0.265814093210883 0.218378785766026 0.345535478047034 0.5 0.230959652825297
0.21221676089642 0.374117914864557 0.821107945172251 0.258073787565504 0.6 0.53083401717324
0.873851494231752 0.394137712200539 0.50400576645403 0.321500095697779 0.6 0.569079343750012
0.287639235518395 0.330937959826164 0.567968979267939 0.368853410333516 0.5 0.418636300738889
0.421924445236697 0.277072795574881 0.523616716939682 0.321500095697779 0.5 0.409256748889693
0.421924445236697 0.453170447934846 0.410071150488169 0.413448636538203 0.5 0.42762053502487
0.588949607655959 0.609016870273415 0.428189934555892 0.568169002390323 0.7 0.546761568805813
0.383351080912705 0.427829566253778 0.405733457115571 0.160441319476384 0.5 0.387391723086669
0.873851494231752 0.268558983456651 0.781323707941255 0.648907157422786 0.7 0.670512148683729
0.471604760099056 0.473949970913322 0.746861034095688 0.648907157422786 0.6 0.59581527154021
0.622610799300406 0.383905371339926 0.355118819045373 0.244783989555772 0.6 0.431937105660573
0.566149299873861 0.814553456256165 0.405733457115571 0.732892632189337 0.6 0.637821726209742
0.600239642845211 0.538459534786799 0.689270655694506 0.475624239854498 0.5 0.599000161298096
0.554634086925582 0.433930148880701 0.781323707941255 0.550674036574378 0.6 0.605268054759458
0.196092761971144 0.698211992492344 0.567968979267939 0.617895882254132 0.5 0.56244866404843
0.531360013531378 0.744083769633508 0.925753088923437 0.568169002390323 0.7 0.748911640670475
0.471604760099056 0.347152473554867 0.763517566771068 0.130456599319066 0.5 0.530799659033375
0 0.421875985617864 0.611817657669879 0.217565361185825 0.5 0.429300949878652
0.688193568422137 0.459917046304481 0.689270655694506 0.568169002390323 0.5 0.609396643618726
0.633696083792089 0.504387582036723 0.642215890344502 0.601763558267245 0.7 0.593915331718606
0.434519921604966 0.440183246073298 0.204205760188896 0.345535478047034 0.5 0.366966626096047
0.144674876171709 0.421875985617864 0.59337505087416 0.271156473717708 0.5 0.430246042186654
0.762169733727708 0.23162406323786 0.44266587880671 0.368853410333516 0.5 0.482798903953717
0.144674876171709 0.446594649523936 0.50400576645403 0.391482165284774 0.6 0.412018621499482
0.903475748621424 0.383905371339926 0.676678564190069 0.160441319476384 0.6 0.624815079308504
0.84388854857546 0.433930148880701 0.59337505087416 0.53269085304322 0.6 0.612725507200741
0.179513523673849 0.369382048828088 0.702508771767431 0.368853410333516 0.5 0.476863061444573
0.751752708324409 0.421875985617864 0.418971573188496 0.160441319476384 0.5 0.500085984306559
0.971381606651975 0.338883071553229 0.491713601398635 0.601763558267245 0.7 0.616035917489172
0.741287341026795 0.481250884392246 0.716462801421065 0.719764856137234 0.7 0.656550754921107
0.0634676149522354 0.440183246073298 0.602431653113507 0.495185619243854 0.6 0.458260701494299
0.677412295281108 0.547622825109736 0.642215890344502 0.568169002390323 0.7 0.613427523150035
0.370206596202787 0.351415051906227 0.385075500405528 0.271156473717708 0.5 0.358886319871055
0.396346984697818 0.342976007897474 0.328280459090944 0.217565361185825 0.5 0.339726493593905
0.666573517258028 0.481250884392246 0.746861034095688 0.758194128634802 0.6 0.653801191735123
0.179513523673849 0.466841186736475 0.642215890344502 0.0994668458781365 0.5 0.461221044846053
0 0.777850494473531 0.49778650936232 0.931353390248937 0.7 0.615218757514224
0.655675667221259 0.557068062827225 0.716462801421065 0.931353390248937 0.6 0.685345752828113
0.0634676149522354 0.49646112080667 0.552322571875593 0.758194128634802 0.7 0.497234670545005
0.633696083792089 0.302046644455021 0.530499436299989 0.53269085304322 0.5 0.498244775057923
0.813566615881486 0.323298429319372 0.664672367784824 0.495185619243854 0.5 0.600786102818308
0.893637461175402 0.2891215823153 0.642215890344502 0.877706630636264 0.6 0.662313615749602
0.495793640609848 0.255270229092219 0.389076924440191 0.271156473717708 0.5 0.369343868126226
0.287639235518395 0.466841186736475 0.43774979339998 0.189464000332259 0.5 0.395277925254059
0.21221676089642 0.440183246073298 0.560027224033637 0.53269085304322 0.7 0.45632416559675
0.144674876171709 0.466841186736475 0.611817657669879 0.271156473717708 0.6 0.45304612529458
0.315948554359728 0.342976007897474 0.229001136065662 0.189464000332259 0.5 0.287643637078619
0.772539513544533 0.795811518324607 0.925753088923437 0.692500967723088 0.6 0.8239878000332
0.243313169500131 0.342976007897474 0.214249310783385 0.244783989555772 0.5 0.271891313334851
0.409202344033358 0.538459534786799 0.463323835516753 0.368853410333516 0.4 0.467671455316517
0.0634676149522354 0.538459534786799 0.653199959947014 0.217565361185825 0.6 0.488323120801187
0.577586959006651 0.433930148880701 0.381135169205889 0.321500095697779 0.5 0.445494677223797
0.343435260591747 0.433930148880701 0.261304076133389 0.244783989555772 0.5 0.343290379608934
0 0.416064156901853 0.576162895421524 0.321500095697779 0.5 0.419082949821808
0.409202344033358 0.453170447934846 0.377254093357297 0.585193264430183 0.6 0.438456502457256
0.730772488867881 0.265814093210883 0.164140229545472 0.189464000332259 0.5 0.401438681410188
0.434519921604966 0.351415051906227 0.576162895421524 0.189464000332259 0.6 0.442603570816695
0.495793640609848 0.446594649523936 0.447677428124407 0.244783989555772 0.6 0.440669621520754
0.611459327144555 0.421875985617864 0.401467464446407 0.244783989555772 0.5 0.452322612988924
0.677412295281108 0.587231886505658 0.560027224033637 0.368853410333516 0.6 0.58042688493699
0.566149299873861 0.123028494071211 0.287134283710751 0.0994668458781365 0.6 0.32854285536592
0.0860241960527671 0.440183246073298 0.491713601398635 0.550674036574378 0.6 0.422452695499092
0.301904557093806 0.557068062827225 0.746861034095688 0.475624239854498 0.7 0.573583454572219
0.273133964380948 0.416064156901853 0.463323835516753 0.296717525726709 0.5 0.391667857772136
0.0634676149522354 0.49646112080667 0.295415850291516 0.585193264430183 0.6 0.386553297360285
0.434519921604966 0.427829566253778 0.181585157668097 0.217565361185825 0.5 0.346224990076672
0.64471709944626 0.529565753002772 0.576162895421524 0.770388255517677 0.6 0.604761199713484
0.762169733727708 0.416064156901853 0.800449988462208 0.244783989555772 0.6 0.637689804176496
0.893637461175402 0.744083769633508 0 0.758194128634802 0.7 0.659251220993982
0.273133964380948 0.369382048828088 0.43292560284213 0.391482165284774 0.5 0.374698439543865
0.126184840990427 0.481250884392246 0.702508771767431 0.475624239854498 0.6 0.514826439539872
0.554634086925582 0.481250884392246 0.309837852295225 0.475624239854498 0.5 0.452724287451342
0.600239642845211 0.587231886505658 0.689270655694506 0.585193264430183 0.5 0.624739529094898
0.782863100125991 0.481250884392246 0.925753088923437 0.345535478047034 0.6 0.714183757871556
0.666573517258028 0.481250884392246 0.485780312957075 0.568169002390323 0.7 0.541927835409251
0.0860241960527671 0.473949970913322 0.576162895421524 0.455495881352293 0.6 0.454246500737052
0.611459327144555 0.378957865868861 0.746861034095688 0.296717525726709 0.5 0.570100551202341
0.495793640609848 0.35576643397324 0.458002272131325 0.368853410333516 0.7 0.427279623131089
0.434519921604966 0.298728047419147 0.405733457115571 0.413448636538203 0.5 0.382893789121018
0.803375698028507 0.459917046304481 0.763517566771068 0.271156473717708 0.5 0.645882400840111
0.793141504367769 0.512540513587634 0.510378600866757 0.0994668458781365 0.5 0.564045732859774
0.655675667221259 0.609016870273415 0.458002272131325 0.271156473717708 0.5 0.54551625699011
0.434519921604966 0.0347299291039416 0.447677428124407 0.217565361185825 0.5 0.339228754982653
0 0.374117914864557 0.576162895421524 0.368853410333516 0.6 0.41078151187564
0.258367091191525 0.63230426671481 0.664672367784824 0.345535478047034 0.6 0.549702766675539
0.588949607655959 0.315947182982647 0.567968979267939 0.271156473717708 0.5 0.476149009691767
0.531360013531378 0.427829566253778 0.358678691765567 0.244783989555772 0.5 0.41741979623745
0.383351080912705 0.566808464223386 0.49778650936232 0.217565361185825 0.5 0.473619230274349
0.45935474306395 0.0437912588208513 0.423539598285758 0.189464000332259 0.5 0.335212938304184
0.853915038368605 0.312374614669472 0.763517566771068 0.692500967723088 0.7 0.669144262689483
0.531360013531378 0.440183246073298 0.312821546570886 0.244783989555772 0.6 0.409583145469879
0.32978740119747 0.512540513587634 0.602431653113507 0.244783989555772 0.6 0.484847545579445
0.409202344033358 0.512540513587634 0.689270655694506 0.345535478047034 0.5 0.540489031715354
0.196092761971144 0.416064156901853 0.254033548014381 0.321500095697779 0.5 0.313341702100517
0.0860241960527671 0.36020942408377 0.276490025454702 0.391482165284774 0.5 0.294241090230036
0.863902436796457 0.440183246073298 0.925753088923437 0.568169002390323 0.5 0.743700012598567
0.0377380696367257 0.32708110947322 0.43292560284213 0.617895882254132 0.6 0.374996101677282
0.730772488867881 0.504387582036723 0.868162710522254 0.413448636538203 0.7 0.686746672046321
0.0634676149522354 0.744083769633508 0.843564422612572 0.244783989555772 0.5 0.646181011614201
0 0.440183246073298 0.552322571875593 0.244783989555772 0.5 0.410492017441772
0 0.459917046304481 0.485780312957075 0.601763558267245 0.5 0.433073969993948
0.483749604067474 0.547622825109736 0.602431653113507 0.601763558267245 0.7 0.558704060634475
0.45935474306395 0.453170447934846 0.341350931974893 0.321500095697779 0.5 0.407352549395703
0.588949607655959 0.440183246073298 0.428189934555892 0.550674036574378 0.6 0.489106804346925
0.720206959297661 0.323298429319372 0.653199959947014 0.391482165284774 0.6 0.558225089314034
0.32978740119747 0.440183246073298 0.544841274712324 0.0994668458781365 0.6 0.430664727755232
0.315948554359728 0.488751822897989 0.843564422612572 0.633605536152689 0.5 0.615032665438443
0.961779750418781 0.416064156901853 0.491713601398635 0.633605536152689 0.7 0.63140171741041
0.600239642845211 0.446594649523936 1 0.706304739114956 0.6 0.728927869537728
0.0860241960527671 0.383905371339926 0.689270655694506 0.271156473717708 0.5 0.460206873819846
0.196092761971144 0.286030806586236 0.49778650936232 0.244783989555772 0.5 0.350320685724692
0.600239642845211 0.760622573636784 0.377254093357297 0.617895882254132 0.5 0.602568713700889
0.383351080912705 0.473949970913322 0.328280459090944 0.244783989555772 0.6 0.386263977869093
0.409202344033358 0.609016870273415 0.452788222465574 0.931353390248937 0.8 0.57276635849343
0.315948554359728 0.488751822897989 0.716462801421065 0.160441319476384 0.6 0.519479364931883
0.577586959006651 0.440183246073298 0.418971573188496 0.0994668458781365 0.6 0.446101087102545
0.698918830528897 0.416064156901853 0.348143078714388 0.296717525726709 0.5 0.469361083432627
0.709589507014902 0.312374614669472 0.800449988462208 0.648907157422786 0.5 0.63764200453484
0.495793640609848 0.446594649523936 0.385075500405528 0.244783989555772 0.6 0.421109877945273
0.396346984697818 0.440183246073298 0.229001136065662 0.550674036574378 0.5 0.390345854440411
0.741287341026795 0.609016870273415 0.868162710522254 0.550674036574378 0.7 0.727055088616334
0.0860241960527671 0.446594649523936 0.821107945172251 0.745698918914987 0.5 0.591555718518506
0.853915038368605 0.265814093210883 0.50400576645403 0.78229089557135 0.6 0.590154653662544
0.611459327144555 0.488751822897989 0.800449988462208 0.732892632189337 0.7 0.660037307987904
0.409202344033358 0.399430302300857 0.602431653113507 0.413448636538203 0.5 0.478019077269496
0.434519921604966 0.394137712200539 0.653199959947014 0.217565361185825 0.5 0.488049646976632
0 0.712914485165794 0.731214626703342 0.550674036574378 0.6 0.611035729970636
0.483749604067474 0.481250884392246 0.642215890344502 0.633605536152689 0.8 0.557373126998788
0.179513523673849 0.319587800216072 0.485780312957075 0.568169002390323 0.5 0.393733545296398
0.0634676149522354 0.416064156901853 0.576162895421524 0.475624239854498 0.6 0.437103759280256
0.383351080912705 0.315947182982647 0.358678691765567 0.160441319476384 0.5 0.333871490217494
0.446994834730976 0.421875985617864 0.298236497824529 0.321500095697779 0.6 0.381464981327583
0.370206596202787 0.440183246073298 0.544841274712324 0.244783989555772 0.5 0.444981714855038
0.356904626989109 0.504387582036723 0.452788222465574 0.160441319476384 0.6 0.426230951708153
0.863902436796457 0.35576643397324 0.362288354527462 1 0.5 0.6135799205143
0.383351080912705 0.338883071553229 0.611817657669879 0.413448636538203 0.6 0.461400641809299
0.483749604067474 0.440183246073298 0.334732962181678 0.244783989555772 0.6 0.401255147581311
