0.751752708324409 0.319587800216072 0.702508771767431 0.244783989555772 0.5 0.618666353506475
0 0.520929761995093 0.702508771767431 0.368853410333516 0.6 0.544969211822049
0.793141504367769 0.35576643397324 0.271328119779503 0.368853410333516 0.5 0.56293642714693
0 0.260457129989303 0.414482996046411 0.413448636538203 0.5 0.357436656357274
0.409202344033358 0.576858084711488 0.602431653113507 0.413448636538203 0.6 0.544889630345834
0.162406426895362 0.383905371339926 0.530499436299989 0.296717525726709 0.6 0.422531963982485
0.0377380696367257 0.481250884392246 0.301088313364384 0.53269085304322 0.5 0.441831211020216
0.655675667221259 0.473949970913322 0.676678564190069 0.706304739114956 0.7 0.674448690193174
0.106739379796076 0.416064156901853 0.479980368192133 0.244783989555772 0.5 0.392387711250083
0.32978740119747 0.453170447934846 0.676678564190069 0.345535478047034 0.5 0.530025054960742
0 0.538459534786799 0.393141365611134 0.345535478047034 0.5 0.429328167815959
0 0.416064156901853 0.560027224033637 0.217565361185825 0.5 0.4185958823942
0.32978740119747 0.466841186736475 0.43292560284213 0.368853410333516 0.5 0.429588691890627
0.409202344033358 0.49646112080667 0.560027224033637 0.816340271796993 0.6 0.660169964869823
0.588949607655959 0.684054036584578 0.731214626703342 0.368853410333516 0.5 0.66801060132397
0.554634086925582 0.698211992492344 0.781323707941255 0.368853410333516 0.6 0.688329498477684
0.588949607655959 0.566808464223386 0.576162895421524 0.413448636538203 0.5 0.570698795061273
0.666573517258028 0.481250884392246 0.485780312957075 0.568169002390323 0.7 0.592739080166734
0.179513523673849 0.351415051906227 0.385075500405528 0.160441319476384 0.5 0.320149637394819
0.179513523673849 0.466841186736475 0.611817657669879 0.244783989555772 0.6 0.472515558876714
0 0.338883071553229 0.393141365611134 0.633605536152689 0.6 0.473362357899608
0.383351080912705 0.399430302300857 0.702508771767431 0.189464000332259 0.5 0.528372369169628
0.803375698028507 0.488751822897989 0.49778650936232 0.475624239854498 0.7 0.640493587107469
0.434519921604966 0.421875985617864 0.273896167637825 0.345535478047034 0.5 0.403161187579487
0.611459327144555 0.63230426671481 0.510378600866757 0.745698918914987 0.6 0.674875597144553
0.144674876171709 0.609016870273415 0.716462801421065 0.53269085304322 0.7 0.61689183997664
0.709589507014902 0.504387582036723 0.621557933634459 0.455495881352293 0.4 0.629205786673796
0.863902436796457 0.576858084711488 0.631680277293323 0.345535478047034 0.5 0.714164955375908
0.471604760099056 0.305426133179628 0.229001136065662 0.130456599319066 0.5 0.358408904506308
1 0.271349621873182 0.341350931974893 0.837742077023368 0.5 0.777640895459015
0.0634676149522354 0.35576643397324 0.576162895421524 0.692500967723088 0.6 0.555205336053709
0.64471709944626 0.597945812948817 0.552322571875593 0.663814755330782 0.7 0.638568765046269
0.751752708324409 0.36020942408377 0.50400576645403 0.345535478047034 0.7 0.582776140952506
0.577586959006651 0.609016870273415 0.358678691765567 0.692500967723088 0.6 0.627504373655592
0.287639235518395 0.488751822897989 0.43292560284213 0.345535478047034 0.5 0.432670240045169
0.495793640609848 0.446594649523936 0.334732962181678 0.244783989555772 0.6 0.434703933770784
0.383351080912705 0.440183246073298 0.261304076133389 0.345535478047034 0.5 0.39534798590628
0 0.330937959826164 0.746861034095688 0.368853410333516 0.5 0.519610285783137
0.507740919617883 0.440183246073298 0.362288354527462 0.568169002390323 0.6 0.513833507942401
0.813566615881486 0.972658522396742 0.702508771767431 0.770388255517677 0.6 0.873913708265129
0.0377380696367257 0.620463217676812 0.716462801421065 0.816340271796993 0.6 0.703939205774345
0.273133964380948 0.453170447934846 0.653199959947014 0.455495881352293 0.5 0.538639538117244
0.343435260591747 0.473949970913322 0.516912789883273 0.805258220685933 0.6 0.635334897522098
0.622610799300406 0.459917046304481 0.664672367784824 0.53269085304322 0.7 0.614224688484014
0.863902436796457 0.440183246073298 0.925753088923437 0.568169002390323 0.5 0.806377554867179
0.51959520719808 0.342976007897474 0.523616716939682 0.53269085304322 0.5 0.516440289831391
0.273133964380948 0.404845975891879 0.584625511943319 0.475624239854498 0.5 0.500866002956805
0.588949607655959 0.620463217676812 0.843564422612572 0.648907157422786 0.6 0.732343884666627
0 0.488751822897989 0.664672367784824 0.189464000332259 0.5 0.481107027914411
0.258367091191525 0.351415051906227 0.381135169205889 0.217565361185825 0.5 0.338183037969046
0.196092761971144 0.529565753002772 0.59337505087416 0.585193264430183 0.4 0.554456792053319
0.666573517258028 0.744083769633508 0.800449988462208 0.413448636538203 0.6 0.735215437492103
0.409202344033358 0.459917046304481 0.560027224033637 0.217565361185825 0.5 0.482769008268416
0.243313169500131 0.473949970913322 0.485780312957075 0.413448636538203 0.5 0.453289216374642
0.106739379796076 0.760622573636784 0.800449988462208 0.633605536152689 0.5 0.714386430261386
0.273133964380948 0.512540513587634 0.355118819045373 0.160441319476384 0.5 0.401590419235414
0.370206596202787 0.512540513587634 0.653199959947014 0.434778418583807 0.5 0.554984922585669
0.162406426895362 0.481250884392246 0.689270655694506 0.271156473717708 0.6 0.51767554954872
0.483749604067474 0.446594649523936 0.552322571875593 0.475624239854498 0.5 0.512593144573744
0.873851494231752 0.0383853962327114 0.530499436299989 0.271156473717708 0.5 0.610980047542915
0.144674876171709 0.597945812948817 0.576162895421524 0.633605536152689 0.4 0.583640560298884
0.434519921604966 0.481250884392246 0.653199959947014 0.160441319476384 0.5 0.534607435737177
0.421924445236697 0.32708110947322 0.452788222465574 0.160441319476384 0.5 0.401326084584353
0.698918830528897 0.369382048828088 0.331486546039008 0.514201115642476 0.7 0.561230681746211
0 0.921976759034606 0.474307905119265 0.78229089557135 0.6 0.738189655272003
0.923046209222609 0.260457129989303 0.763517566771068 0.692500967723088 0.7 0.795088472751137
0.698918830528897 0.277072795574881 0.731214626703342 0.678341743026102 0.6 0.685115751455727
0.741287341026795 0.334871183453424 0.868162710522254 0.732892632189337 0.7 0.776110214769254
0.301904557093806 0.520929761995093 0.631680277293323 0.391482165284774 0.7 0.533722704887651
0.622610799300406 0.512540513587634 0.2081764028197 0.475624239854498 0.5 0.539381473387512
0.126184840990427 0.433930148880701 0.284431780689005 0.368853410333516 0.5 0.367887993869068
0.21221676089642 0.446594649523936 0.576162895421524 0.391482165284774 0.6 0.483060290002408
0.179513523673849 0.315947182982647 0.611817657669879 0.413448636538203 0.5 0.473898555757152
0.873851494231752 0.972658522396742 0.306888258129326 0.648907157422786 0.6 0.840365146098404
0.0860241960527671 0.512540513587634 0.544841274712324 0.368853410333516 0.5 0.472637779656258
0.162406426895362 0.404845975891879 0.463323835516753 0.368853410333516 0.5 0.410902840033247
0.421924445236697 0.504387582036723 0.414482996046411 0.495185619243854 0.5 0.479445560701269
0.633696083792089 0.538459534786799 0.452788222465574 0.706304739114956 0.6 0.637704682201855
0.243313169500131 0.151532211150519 0.676678564190069 0.244783989555772 0.5 0.445188083581744
0.483749604067474 0.529565753002772 0.249297879728143 0.413448636538203 0.5 0.477035160311541
0.531360013531378 0.504387582036723 0.377254093357297 0.413448636538203 0.7 0.490682593449971
0.446994834730976 0.302046644455021 0.303971993424357 0.189464000332259 0.5 0.365096963886591
0.813566615881486 0.323298429319372 0.664672367784824 0.495185619243854 0.5 0.68005469868121
0.0860241960527671 0.446594649523936 0.468757440006765 0.601763558267245 0.4 0.505017584401422
0.446994834730976 0.374117914864557 0.428189934555892 0.758194128634802 0.7 0.587336664109811
0.64471709944626 0.410389077096807 0.664672367784824 0.244783989555772 0.5 0.581474403128288
0.287639235518395 0.466841186736475 0.611817657669879 0.706304739114956 0.6 0.60737906042839
0.0634676149522354 0.453170447934846 0.821107945172251 0.357282325104895 0.3 0.585726470024156
0.243313169500131 0.298728047419147 0.249297879728143 0.217565361185825 0.5 0.269770454317057
0.0634676149522354 0.566808464223386 0.523616716939682 0.523510482961694 0.6 0.517049088099841
0.566149299873861 0.404845975891879 0.365949219884575 0.345535478047034 0.5 0.470202451357011
0.507740919617883 0.587231886505658 0.43292560284213 0.368853410333516 0.7 0.521800632753693
0.409202344033358 0.421875985617864 0.479980368192133 0.368853410333516 0.5 0.443830039582772
0.95214583352466 0.338883071553229 0.731214626703342 0.601763558267245 0.5 0.786382848703778
0.577586959006651 0.529565753002772 0.49778650936232 0.827165601017913 0.7 0.681968686287193
0.588949607655959 0.453170447934846 0.491713601398635 0.78229089557135 0.7 0.652849958313566
0.21221676089642 0.488751822897989 0.405733457115571 0.550674036574378 0.6 0.484575025289056
0 0.557068062827225 0.716462801421065 0.160441319476384 0.5 0.517079107480031
0.370206596202787 0.374117914864557 0.306888258129326 0.160441319476384 0.5 0.346406060232063
0.730772488867881 0.383905371339926 0.653199959947014 0.455495881352293 0.5 0.632864263295724
0.554634086925582 0.504387582036723 0.268785373296658 0.475624239854498 0.5 0.508434442393327
0.243313169500131 0.421875985617864 0.242353424527247 0.321500095697779 0.5 0.348351753154854
0.507740919617883 0.538459534786799 0.925753088923437 0.816340271796993 0.7 0.792067210987302
0 0.63230426671481 0.868162710522254 0.455495881352293 0.6 0.670496587069461
0.709589507014902 0.0539199693424685 0.328280459090944 0.244783989555772 0.6 0.476630679152207
0.51959520719808 0.481250884392246 0.315840138646661 0.0994668458781365 0.5 0.442317660912566
0.258367091191525 0.453170447934846 0.401467464446407 0.53269085304322 0.6 0.468791368869737
0.383351080912705 0.459917046304481 0.567968979267939 0.495185619243854 0.6 0.515936095065222
0.396346984697818 0.36020942408377 0.523616716939682 0.296717525726709 0.5 0.443651607420867
0.483749604067474 0.421875985617864 0.358678691765567 0.217565361185825 0.5 0.426098391711096
0.471604760099056 0.142548712689588 0.621557933634459 0.719764856137234 0.6 0.608709867557349
0.273133964380948 1 0.631680277293323 0.585193264430183 0.6 0.776621826035942
0.873851494231752 0.28299332009388 0.59337505087416 0.678341743026102 0.7 0.73052578397287
0.383351080912705 0.453170447934846 0.303971993424357 0.271156473717708 0.6 0.393411470094969
0.45935474306395 0.35576643397324 0.369662761368079 0.413448636538203 0.6 0.422776424427786
0.370206596202787 0.421875985617864 0.50400576645403 0.475624239854498 0.5 0.47167615432686
0.751752708324409 0.36020942408377 0.50400576645403 0.345535478047034 0.7 0.582776140952506
0 0.481250884392246 0.552322571875593 0.345535478047034 0.6 0.458300923941952
0 0.547622825109736 0.44266587880671 0.345535478047034 0.5 0.446267843637937
0.32978740119747 0.446594649523936 0.312821546570886 0.189464000332259 0.6 0.373715675013816
0 0.416064156901853 0.576162895421524 0.321500095697779 0.5 0.448103896435725
0 0.35576643397324 0.800449988462208 0.648907157422786 0.4 0.621456242157011
0.258367091191525 0.466841186736475 0.537570746593316 0.321500095697779 0.5 0.457813953334709
0.370206596202787 0.834128369206903 0.196443169613198 0.244783989555772 0.5 0.555146380270751
0.655675667221259 0.274187161775705 0.373430517047844 0.550674036574378 0.6 0.547302634247002
0.45935474306395 0.399430302300857 0.358678691765567 0.296717525726709 0.5 0.413429304829299
0.0634676149522354 0.547622825109736 0.631680277293323 0.244783989555772 0.6 0.495642243454284
0.698918830528897 0.410389077096807 0.468757440006765 0.805258220685933 0.6 0.684373910294199
0.434519921604966 0.446594649523936 0.602431653113507 0.368853410333516 0.5 0.513879686857919
0.633696083792089 0.466841186736475 0.447677428124407 0.455495881352293 0.6 0.542998553734981
0.32978740119747 0.512540513587634 0.510378600866757 0.130456599319066 0.5 0.451094566809437
0.0634676149522354 0.587231886505658 0.653199959947014 0.568169002390323 0.6 0.583806607166962
0.893637461175402 0.0468669260093402 0.868162710522254 0.345535478047034 0.7 0.72219716242371
0.179513523673849 0.620463217676812 0.576162895421524 0.413448636538203 0.6 0.539761497735257
0.762169733727708 0.466841186736475 0.43292560284213 0.345535478047034 0.6 0.593575845855877
0.720206959297661 0.0313210959019323 0.381135169205889 0.160441319476384 0.5 0.476081680232555
0 0.14694589877836 0.479980368192133 0.217565361185825 0.6 0.315201446100904
0.751752708324409 0.410389077096807 0.389076924440191 0.475624239854498 0.6 0.588673288910469
0.903475748621424 0.36020942408377 0.544841274712324 0.53269085304322 0.6 0.702629889039322
0.751752708324409 0.36020942408377 0.271328119779503 0.244783989555772 0.5 0.521700482297333
0.600239642845211 0.657255048616305 0.631680277293323 0 0.6 0.600000000000269
0.655675667221259 0.488751822897989 0.800449988462208 0.793911265526805 0.8 0.750016649571999
0.396346984697818 0.459917046304481 0.479980368192133 0.189464000332259 0.5 0.440192717452308
0.0634676149522354 0.427829566253778 0.289865385179016 0.296717525726709 0.6 0.3441110441174
0.144674876171709 0.453170447934846 0.458002272131325 0.345535478047034 0.6 0.414683324199095
0.64471709944626 0.504387582036723 0.373430517047844 0.244783989555772 0.5 0.528591228149466
0.434519921604966 0.512540513587634 0.224699591818461 0.217565361185825 0.5 0.414946668375488
0.471604760099056 0.433930148880701 0.479980368192133 0.434778418583807 0.5 0.465653989966366
0.370206596202787 0.404845975891879 0.369662761368079 0.391482165284774 0.6 0.392111535099226
0.196092761971144 0.378957865868861 0.458002272131325 0.495185619243854 0.7 0.443710500384606
0.588949607655959 0.36020942408377 0.664672367784824 0.434778418583807 0.5 0.579257543706986
0.343435260591747 0.298728047419147 0.344724662111933 0.217565361185825 0.5 0.327240488266575
0.0634676149522354 0.459917046304481 0.544841274712324 0.53269085304322 0.6 0.495521680623543
0.144674876171709 0.459917046304481 0.315840138646661 0.244783989555772 0.5 0.359620814149494
0.566149299873861 0.427829566253778 0.414482996046411 0.217565361185825 0.6 0.478659285662722
0.577586959006651 0.576858084711488 0.702508771767431 0.719764856137234 0.7 0.677123029499384
0 0.35576643397324 0.401467464446407 0.321500095697779 0.4 0.34939374064554
0.32978740119747 0.446594649523936 0.414482996046411 0.217565361185825 0.5 0.40042137645463
0.793141504367769 0.364746945898778 0.491713601398635 0.0994668458781365 0.5 0.585843098664577
0.434519921604966 0.351415051906227 0.576162895421524 0.189464000332259 0.6 0.470248173005089
0.409202344033358 0.453170447934846 0.188907256709517 0.244783989555772 0.5 0.382697202055237
0 0.473949970913322 0.423539598285758 0.160441319476384 0.5 0.367409155778616
0 0.670410915437093 0.800449988462208 0.53269085304322 0.5 0.664027358599819
0.409202344033358 0.330937959826164 0.567968979267939 0.368853410333516 0.6 0.471923893677053
0.698918830528897 0.383905371339926 0.642215890344502 0.732892632189337 0.7 0.68464604285567
0.531360013531378 0.488751822897989 0.468757440006765 0.617895882254132 0.7 0.560044005235317
0.421924445236697 0.504387582036723 0.414482996046411 0.495185619243854 0.5 0.479445560701269
0.409202344033358 0.308868205028763 0.268785373296658 0.189464000332259 0.5 0.341316586422669
0.531360013531378 0.587231886505658 0.821107945172251 0.475624239854498 0.6 0.680591136752717
0 0.286030806586236 0.576162895421524 0.434778418583807 0.5 0.445410909467502
0.287639235518395 0.566808464223386 0.611817657669879 0.816340271796993 0.6 0.680889519426511
0.730772488867881 0.292267062039568 0.530499436299989 0.244783989555772 0.5 0.559278416872835
0.600239642845211 0.378957865868861 0.602431653113507 0.376471547486285 0.6 0.541653516182317
0.655675667221259 0.427829566253778 0.763517566771068 0.160441319476384 0.6 0.630129539037018
0.409202344033358 0.421875985617864 0.397270840593775 0.368853410333516 0.6 0.410368367173862
0.434519921604966 0.105377584523915 0.306888258129326 0.189464000332259 0.5 0.331297891700479
0.655675667221259 0.64456079115765 0.530499436299989 0.585193264430183 0.7 0.630679160264718
0 0.529565753002772 0.642215890344502 0.585193264430183 0.6 0.56619924909291
0 0.512540513587634 0.523616716939682 0.633605536152689 0.6 0.542894375974025
0.21221676089642 0.383905371339926 0.843564422612572 0.258073787565504 0.5 0.56684652233744
0.21221676089642 0.777850494473531 0.621557933634459 0.732892632189337 0.5 0.700260891168769
0.698918830528897 0.388964056709218 0.781323707941255 0.271156473717708 0.5 0.647985956832219
0.409202344033358 0.416064156901853 0.800449988462208 0.514201115642476 0.6 0.62409076911598
0.45935474306395 0.547622825109736 0.240079518360747 0.217565361185825 0.6 0.441224626337897
0.243313169500131 0.538459534786799 0.43774979339998 0.130456599319066 0.5 0.426903442060223
0.273133964380948 0.404845975891879 0.763517566771068 0.53269085304322 0.6 0.600760200371821
0.543038617260675 0.394137712200539 0.295415850291516 0.217565361185825 0.5 0.434098701972538
0.315948554359728 0.427829566253778 0.447677428124407 0.455495881352293 0.5 0.439469228563767
0.554634086925582 0.481250884392246 0.309837852295225 0.475624239854498 0.5 0.504988462393032
0.32978740119747 0.898445940330757 0.271328119779503 0.827165601017913 0.7 0.724041108578377
0.588949607655959 0.440183246073298 0.428189934555892 0.550674036574378 0.6 0.538538886793164
0.32978740119747 0.453170447934846 0.405733457115571 0.321500095697779 0.5 0.407477928742197
0.971381606651975 0 0.479980368192133 0.217565361185825 0.5 0.631222560821028
0.64471709944626 0.898445940330757 0.821107945172251 0.514201115642476 0.5 0.802910685250777
0.793141504367769 0.504387582036723 0.385075500405528 0.391482165284774 0.5 0.611530081724904
0.720206959297661 0.712914485165794 0.611817657669879 0.877706630636264 0.7 0.787479575287182
0.162406426895362 0.330937959826164 0.362288354527462 0.321500095697779 0.5 0.333976567783679
0 0.378957865868861 0.781323707941255 0.648907157422786 0.7 0.617189087575338
0.709589507014902 0.131341250585281 0.325113711626281 0.0342879522381606 0.5 0.450869891157684
0.782863100125991 0.399430302300857 0.689270655694506 0.585193264430183 0.7 0.695012188494328
0.144674876171709 0.399430302300857 0.401467464446407 0.514201115642476 0.6 0.439705860530032
0 0.36020942408377 0.491713601398635 0.455495881352293 0.6 0.425905962797428
0.421924445236697 0.323298429319372 0.303971993424357 0.391482165284774 0.5 0.386547029012305
0.21221676089642 0.576858084711488 0.43774979339998 0.296717525726709 0.5 0.46126834397886
0.622610799300406 0.520929761995093 0.731214626703342 0.758194128634802 0.6 0.70889778548835
0.434519921604966 0.712914485165794 0.341350931974893 0.550674036574378 0.6 0.591413655778635
0.51959520719808 0.433930148880701 0.537570746593316 0.585193264430183 0.6 0.55041913216372
0.0377380696367257 0.466841186736475 0.516912789883273 0.53269085304322 0.6 0.485650679871857
0.409202344033358 0.399430302300857 0.292625696842589 0.321500095697779 0.5 0.381441839872664
0.88376293551188 0.369382048828088 0.763517566771068 0.719764856137234 0.6 0.788482388122289
0.301904557093806 0.271349621873182 0.960215762769004 0.601763558267245 0.6 0.69050170975696
0.698918830528897 0.453170447934846 0.338020735055524 0.368853410333516 0.6 0.546022005650703
0.495793640609848 0.453170447934846 0.414482996046411 0.321500095697779 0.5 0.45763185404553
0.622610799300406 0.566808464223386 0.702508771767431 0.455495881352293 0.6 0.639186818450126
0 0.229449306378263 0.895354856248814 0.550674036574378 0.3 0.615349888774444
0.88376293551188 0.404845975891879 0.702508771767431 0.877706630636264 0.8 0.815926178421504
0.343435260591747 0.459917046304481 0.530499436299989 0.475624239854498 0.5 0.49072588629517
0.258367091191525 0.657255048616305 0.602431653113507 0.770388255517677 0.6 0.676220970299383
0 0.416064156901853 0.653199959947014 0.345535478047034 0.6 0.489929288851069
0.343435260591747 0.364746945898778 0.369662761368079 0.368853410333516 0.6 0.366877644482836
0.162406426895362 0.481250884392246 0.689270655694506 0.271156473717708 0.6 0.51767554954872
0.471604760099056 0.453170447934846 0.381135169205889 0.244783989555772 0.6 0.434557014713934
0.343435260591747 0.446594649523936 0.621557933634459 0.321500095697779 0.6 0.501108204722462
0.179513523673849 0.388964056709218 0.611817657669879 0.455495881352293 0.6 0.499883639339785
0.531360013531378 0.587231886505658 0.664672367784824 0.550674036574378 0.6 0.613239716459541
0.370206596202787 0.440183246073298 0.567968979267939 0.321500095697779 0.5 0.479510435125405
0.0860241960527671 0.440183246073298 0.306888258129326 0.321500095697779 0.6 0.36119986829028
0.343435260591747 0.364746945898778 0.279110217303576 0.262457481739259 0.6 0.335335674916277
0.543038617260675 0.394137712200539 0.516912789883273 0.160441319476384 0.5 0.482584266473623
0.751752708324409 0.557068062827225 0.621557933634459 0.78229089557135 0.6 0.727526725608167
0.942479313455689 0.481250884392246 0.344724662111933 0.719764856137234 0.7 0.753926008510509
0 0.587231886505658 0.602431653113507 0.758194128634802 0.6 0.638046576580185
0.356904626989109 0.488751822897989 0.485780312957075 0.189464000332259 0.5 0.442668106828545
0.720206959297661 0.323298429319372 0.653199959947014 0.391482165284774 0.6 0.610812187733106
0.315948554359728 0.35576643397324 0.523616716939682 0.244783989555772 0.5 0.42100484435997
0.51959520719808 0.416064156901853 0.181585157668097 0.244783989555772 0.5 0.415721838734087
0.21221676089642 0.295468711044627 0.664672367784824 0.244783989555772 0.5 0.456205735287436
0.409202344033358 0.280007756447547 0.198362038529548 0.189464000332259 0.5 0.319221090745836
0.106739379796076 0.597945812948817 0.731214626703342 0.455495881352293 0.6 0.602692783962504
0.803375698028507 0.03155693822664 0.479980368192133 0.160441319476384 0.5 0.540883692708184
0.446994834730976 0.453170447934846 0.423539598285758 0.495185619243854 0.6 0.470186593635758
0.793141504367769 0.684054036584578 0.702508771767431 0.475624239854498 0.7 0.728516281181493
0.495793640609848 0.427829566253778 0.362288354527462 0.296717525726709 0.5 0.438790110778688
0.0377380696367257 0.440183246073298 0.43292560284213 0.296717525726709 0.5 0.384484120975358
0.698918830528897 0.410389077096807 0.50400576645403 0.475624239854498 0.6 0.585590409724231
0.554634086925582 0.416064156901853 0.731214626703342 0.53269085304322 0.6 0.626161919769053
0.45935474306395 0.777850494473531 0.458002272131325 0.816340271796993 0.5 0.710529059218544
0.893637461175402 0.0342284524010583 0.423539598285758 0.189464000332259 0.5 0.575908406879491
0 0.744083769633508 0.393141365611134 0.931353390248937 0.6 0.71594625934903
0.893637461175402 0.0313210959019323 0.567968979267939 0.130456599319066 0.6 0.60000000000019
0.688193568422137 0.351415051906227 0.17800056281748 0.189464000332259 0.5 0.468004818273123
0.666573517258028 0.323298429319372 0.868162710522254 0.692500967723088 0.7 0.74913719185561
0.588949607655959 0.587231886505658 0.895354856248814 0.648907157422786 0.7 0.750360062023681
0.243313169500131 0.49646112080667 0.474307905119265 0.692500967723088 0.6 0.570471262467612
0.543038617260675 0.538459534786799 0.418971573188496 0.434778418583807 0.6 0.511840633425283
0.698918830528897 0.277072795574881 0.731214626703342 0.678341743026102 0.6 0.685115751455727
0.577586959006651 0.587231886505658 0.584625511943319 0.244783989555772 0.6 0.564328385806791
0.698918830528897 0.394137712200539 0.560027224033637 0.368853410333516 0.6 0.580256356445514
0.343435260591747 0.369382048828088 0.348143078714388 0.160441319476384 0.4 0.346214167919363
0.698918830528897 0.404845975891879 0.235590941218663 0.244783989555772 0.5 0.501686773225489
0.301904557093806 0.338883071553229 0.341350931974893 0.189464000332259 0.5 0.323481927348099
0.471604760099056 0.473949970913322 0.381135169205889 0.244783989555772 0.5 0.44035360437371
0.698918830528897 0.095762652705061 0.689270655694506 0.514201115642476 0.6 0.622108845033964
0.677412295281108 0.481250884392246 0.59337505087416 0.244783989555772 0.5 0.589397374597967
0.396346984697818 0.547622825109736 0.365949219884575 0.391482165284774 0.5 0.4657619646033
0.434519921604966 0.383905371339926 0.35160738147224 0.745698918914987 0.6 0.567586437270334
0.588949607655959 0.446594649523936 0.385075500405528 0.321500095697779 0.5 0.494273953552251
0.507740919617883 0.399430302300857 0.468757440006765 0.475624239854498 0.7 0.485019920352696
0.873851494231752 0.421875985617864 0.49778650936232 0.368853410333516 0.7 0.653810595161425
0.971381606651975 0.547622825109736 0.523616716939682 0.837742077023368 0.7 0.822142952460202
0.21221676089642 0.698211992492344 0.611817657669879 0.706304739114956 0.5 0.655257784400305
0.258367091191525 0.466841186736475 0.510378600866757 0.568169002390323 0.6 0.513959296234781
0.356904626989109 0.347152473554867 0.295415850291516 0.160441319476384 0.5 0.329931590779242
0.0634676149522354 0.427829566253778 0.289865385179016 0.296717525726709 0.6 0.3441110441174
0.471604760099056 0.191771990084592 0.485780312957075 0.244783989555772 0.6 0.414268292374317
0.600239642845211 0.347152473554867 0.621557933634459 0.296717525726709 0.5 0.539404751510296
0.196092761971144 0.280007756447547 0.731214626703342 0.53269085304322 0.6 0.55459886452177
0.709589507014902 0.0434928607575779 0.523616716939682 0.217565361185825 0.5 0.519862155106736
0.793141504367769 0.374117914864557 0.642215890344502 0.719764856137234 0.7 0.718124108807626
0.32978740119747 0.421875985617864 0.689270655694506 0.413448636538203 0.6 0.542344967160746
0 0.466841186736475 0.479980368192133 0.514201115642476 0.6 0.46522435590466
0.45935474306395 0.410389077096807 0.369662761368079 0.568169002390323 0.6 0.495742981198306
0.600239642845211 0.378957865868861 0.602431653113507 0.376471547486285 0.6 0.541653516182317
0.698918830528897 0.388964056709218 0.781323707941255 0.271156473717708 0.5 0.647985956832219
0.243313169500131 0.351415051906227 0.611817657669879 0.217565361185825 0.5 0.445169894965341
0.196092761971144 0.169264174682414 0.702508771767431 0.321500095697779 0.4 0.468125266398637
0.531360013531378 0.369382048828088 0.244647543458009 0.244783989555772 0.5 0.413219259274074
0.622610799300406 0.347152473554867 0.895354856248814 0.758194128634802 0.6 0.770972994255786
0.0860241960527671 0.684054036584578 0.746861034095688 0.648907157422786 0.6 0.671360477635379
0.698918830528897 0.083756706095275 0.249297879728143 0.189464000332259 0.5 0.441654196228122
0.446994834730976 0.36020942408377 0.341350931974893 0.130456599319066 0.6 0.384125885407614
0.106739379796076 0.274187161775705 0.423539598285758 0.550674036574378 0.6 0.434206893613922
0.611459327144555 0.657255048616305 0.544841274712324 0.568169002390323 0.6 0.620310773143903
0.0377380696367257 0.394137712200539 0.716462801421065 0.475624239854498 0.7 0.547670159257097
0.772539513544533 0.488751822897989 0.925753088923437 0.633605536152689 0.6 0.799793663446607
0 0.566808464223386 0.43292560284213 0.514201115642476 0.6 0.491909970474686
0.51959520719808 0.481250884392246 0.315840138646661 0.0994668458781365 0.5 0.442317660912566
0.64471709944626 0.410389077096807 0.664672367784824 0.244783989555772 0.5 0.581474403128288
0.698918830528897 0.342976007897474 0.200295281129751 0.321500095697779 0.5 0.499999999999899
0.677412295281108 0.576858084711488 0.602431653113507 0.53269085304322 0.6 0.628750425740266
0.421924445236697 0.473949970913322 0.263773823978961 0.296717525726709 0.5 0.411161526165428
0.421924445236697 0.512540513587634 0.664672367784824 0.160441319476384 0.5 0.545381132257491
0.370206596202787 0.433930148880701 0.576162895421524 0.321500095697779 0.5 0.481836397367689
0.782863100125991 0.481250884392246 0.385075500405528 0.514201115642476 0.5 0.627943991440396
0.709589507014902 0.529565753002772 0.702508771767431 0.633605536152689 0.6 0.681224010646158
0.106739379796076 0.834128369206903 0.315840138646661 0.475624239854498 0.4 0.591500981219157
0.0377380696367257 0.453170447934846 0.567968979267939 0.816340271796993 0.6 0.631171069394478
0.611459327144555 0.404845975891879 0.25165485209438 0.189464000332259 0.5 0.458645071928732
0.677412295281108 0.481250884392246 0.653199959947014 0.719764856137234 0.6 0.680973399269908
0.0634676149522354 0.416064156901853 0.843564422612572 0.568169002390323 0.3 0.637955536899896
0.356904626989109 0.504387582036723 0.452788222465574 0.160441319476384 0.6 0.440050066558305
0.0634676149522354 0.547622825109736 0.631680277293323 0.244783989555772 0.6 0.495642243454284
0.813566615881486 0.538459534786799 0.611817657669879 0.391482165284774 0.6 0.679749201855304
0.409202344033358 0.364746945898778 0.258857738572231 0.160441319476384 0.5 0.351696898535773
0 0.566808464223386 0.43292560284213 0.514201115642476 0.6 0.491909970474686
0 0.351415051906227 0.523616716939682 0.0994668458781365 0.6 0.360034278547031
0.709589507014902 0.453170447934846 0.468757440006765 0.568169002390323 0.6 0.6080490694958
0.179513523673849 0.657255048616305 0.960215762769004 0.837742077023368 0.5 0.819493774192691
0.751752708324409 0.427829566253778 0.59337505087416 0.321500095697779 0.7 0.618215653129286
0.611459327144555 0.520929761995093 0.516912789883273 0.550674036574378 0.7 0.571464274778007
0.409202344033358 0.374117914864557 0.485780312957075 0.368853410333516 0.6 0.436023954772294
0.566149299873861 0.378957865868861 0.653199959947014 0.475624239854498 0.5 0.577670970031522
0.356904626989109 0.351415051906227 0.242353424527247 0.160441319476384 0.5 0.319881464649045
0.0634676149522354 0.265814093210883 0.218378785766026 0.345535478047034 0.5 0.281980895342993
0.21221676089642 0.374117914864557 0.821107945172251 0.258073787565504 0.6 0.553641044992437
0.873851494231752 0.394137712200539 0.50400576645403 0.321500095697779 0.6 0.646773585254414
0.287639235518395 0.330937959826164 0.567968979267939 0.368853410333516 0.5 0.45117686726847
0.421924445236697 0.277072795574881 0.523616716939682 0.321500095697779 0.5 0.44086025096419
0.421924445236697 0.453170447934846 0.410071150488169 0.413448636538203 0.5 0.434365681035577
0.588949607655959 0.609016870273415 0.428189934555892 0.568169002390323 0.7 0.584680177346861
0.383351080912705 0.427829566253778 0.405733457115571 0.160441319476384 0.5 0.397105730679218
0.873851494231752 0.268558983456651 0.781323707941255 0.648907157422786 0.7 0.767449867802993
0.471604760099056 0.473949970913322 0.746861034095688 0.648907157422786 0.6 0.648506351245932
0.622610799300406 0.383905371339926 0.355118819045373 0.244783989555772 0.6 0.483628060894945
0.566149299873861 0.814553456256165 0.405733457115571 0.732892632189337 0.6 0.717587540829609
0.600239642845211 0.538459534786799 0.689270655694506 0.475624239854498 0.5 0.622431692726328
0.554634086925582 0.433930148880701 0.781323707941255 0.550674036574378 0.6 0.654915105978509
0.196092761971144 0.698211992492344 0.567968979267939 0.617895882254132 0.5 0.62086672378456
0.531360013531378 0.744083769633508 0.925753088923437 0.568169002390323 0.7 0.781362671077206
0.471604760099056 0.347152473554867 0.763517566771068 0.130456599319066 0.5 0.564735496280725
0 0.421875985617864 0.611817657669879 0.217565361185825 0.5 0.444798939774489
0.688193568422137 0.459917046304481 0.689270655694506 0.568169002390323 0.5 0.650050860062888
0.633696083792089 0.504387582036723 0.642215890344502 0.601763558267245 0.7 0.623430520218114
0.434519921604966 0.440183246073298 0.204205760188896 0.345535478047034 0.5 0.404958378411632
0.144674876171709 0.421875985617864 0.59337505087416 0.271156473717708 0.5 0.455777475003212
0.762169733727708 0.23162406323786 0.44266587880671 0.368853410333516 0.5 0.567275736632455
0.144674876171709 0.446594649523936 0.50400576645403 0.391482165284774 0.6 0.444619302683284
0.903475748621424 0.383905371339926 0.676678564190069 0.160441319476384 0.6 0.69306989323336
0.84388854857546 0.433930148880701 0.59337505087416 0.53269085304322 0.6 0.690844283038155
0.179513523673849 0.369382048828088 0.702508771767431 0.368853410333516 0.5 0.517120231008529
0.751752708324409 0.421875985617864 0.418971573188496 0.160441319476384 0.5 0.563338549488947
0.971381606651975 0.338883071553229 0.491713601398635 0.601763558267245 0.7 0.739638988697712
0.741287341026795 0.481250884392246 0.716462801421065 0.719764856137234 0.7 0.715266148248561
0.0634676149522354 0.440183246073298 0.602431653113507 0.495185619243854 0.6 0.509364659406314
0.677412295281108 0.547622825109736 0.642215890344502 0.568169002390323 0.7 0.637902550235447
0.370206596202787 0.351415051906227 0.385075500405528 0.271156473717708 0.5 0.367515830573408
0.396346984697818 0.342976007897474 0.328280459090944 0.217565361185825 0.5 0.357971862122962
0.666573517258028 0.481250884392246 0.746861034095688 0.758194128634802 0.6 0.719747160895098
0.179513523673849 0.466841186736475 0.642215890344502 0.0994668458781365 0.5 0.468611205346284
0 0.777850494473531 0.49778650936232 0.931353390248937 0.7 0.746465608506028
0.655675667221259 0.557068062827225 0.716462801421065 0.931353390248937 0.6 0.796904386768835
0.0634676149522354 0.49646112080667 0.552322571875593 0.758194128634802 0.7 0.610039020581369
0.633696083792089 0.302046644455021 0.530499436299989 0.53269085304322 0.5 0.566840734526781
0.813566615881486 0.323298429319372 0.664672367784824 0.495185619243854 0.5 0.68005469868121
0.893637461175402 0.2891215823153 0.642215890344502 0.877706630636264 0.6 0.80115999982716
0.495793640609848 0.255270229092219 0.389076924440191 0.271156473717708 0.5 0.407393522632782
0.287639235518395 0.466841186736475 0.43774979339998 0.189464000332259 0.5 0.405490291428164
0.21221676089642 0.440183246073298 0.560027224033637 0.53269085304322 0.7 0.507415276753876
0.144674876171709 0.466841186736475 0.611817657669879 0.271156473717708 0.6 0.475991079346376
0.315948554359728 0.342976007897474 0.229001136065662 0.189464000332259 0.5 0.30314550306314
0.772539513544533 0.795811518324607 0.925753088923437 0.692500967723088 0.6 0.846873497918259
0.243313169500131 0.342976007897474 0.214249310783385 0.244783989555772 0.5 0.289556738935489
0.409202344033358 0.538459534786799 0.463323835516753 0.368853410333516 0.4 0.482267704826912
0.0634676149522354 0.538459534786799 0.653199959947014 0.217565361185825 0.6 0.497882611225545
0.577586959006651 0.433930148880701 0.381135169205889 0.321500095697779 0.5 0.484808970066285
0.343435260591747 0.433930148880701 0.261304076133389 0.244783989555772 0.5 0.363589964072044
0 0.416064156901853 0.576162895421524 0.321500095697779 0.5 0.448103896435725
0.409202344033358 0.453170447934846 0.377254093357297 0.585193264430183 0.6 0.502501914229155
0.730772488867881 0.265814093210883 0.164140229545472 0.189464000332259 0.5 0.465799710748168
0.434519921604966 0.351415051906227 0.576162895421524 0.189464000332259 0.6 0.470248173005089
0.495793640609848 0.446594649523936 0.447677428124407 0.244783989555772 0.6 0.458445219107823
0.611459327144555 0.421875985617864 0.401467464446407 0.244783989555772 0.5 0.497659841062324
0.677412295281108 0.587231886505658 0.560027224033637 0.368853410333516 0.6 0.611690062128785
0.566149299873861 0.123028494071211 0.287134283710751 0.0994668458781365 0.6 0.374849924925108
0.0860241960527671 0.440183246073298 0.491713601398635 0.550674036574378 0.6 0.485102678228256
0.301904557093806 0.557068062827225 0.746861034095688 0.475624239854498 0.7 0.615538370693027
0.273133964380948 0.416064156901853 0.463323835516753 0.296717525726709 0.5 0.4051537030902
0.0634676149522354 0.49646112080667 0.295415850291516 0.585193264430183 0.6 0.471087760550358
0.434519921604966 0.427829566253778 0.181585157668097 0.217565361185825 0.5 0.372375518094617
0.64471709944626 0.529565753002772 0.576162895421524 0.770388255517677 0.6 0.683541562502755
0.762169733727708 0.416064156901853 0.800449988462208 0.244783989555772 0.6 0.677293130831107
0.893637461175402 0.744083769633508 0 0.758194128634802 0.7 0.775139145466162
0.273133964380948 0.369382048828088 0.43292560284213 0.391482165284774 0.5 0.399646566499181
0.126184840990427 0.481250884392246 0.702508771767431 0.475624239854498 0.6 0.564751482132669
0.554634086925582 0.481250884392246 0.309837852295225 0.475624239854498 0.5 0.504988462393032
0.600239642845211 0.587231886505658 0.689270655694506 0.585193264430183 0.5 0.639132472381652
0.782863100125991 0.481250884392246 0.925753088923437 0.345535478047034 0.6 0.761995661098172
0.666573517258028 0.481250884392246 0.485780312957075 0.568169002390323 0.7 0.592739080166734
0.0860241960527671 0.473949970913322 0.576162895421524 0.455495881352293 0.6 0.495978604529681
0.611459327144555 0.378957865868861 0.746861034095688 0.296717525726709 0.5 0.608752383097205
0.495793640609848 0.35576643397324 0.458002272131325 0.368853410333516 0.7 0.451308588331123
0.434519921604966 0.298728047419147 0.405733457115571 0.413448636538203 0.5 0.415117749110938
0.803375698028507 0.459917046304481 0.763517566771068 0.271156473717708 0.5 0.689788674162415
0.793141504367769 0.512540513587634 0.510378600866757 0.0994668458781365 0.5 0.6216778356761
0.655675667221259 0.609016870273415 0.458002272131325 0.271156473717708 0.5 0.579667001600165
0.434519921604966 0.0347299291039416 0.447677428124407 0.217565361185825 0.5 0.371684562257165
0 0.374117914864557 0.576162895421524 0.368853410333516 0.6 0.447395951654929
0.258367091191525 0.63230426671481 0.664672367784824 0.345535478047034 0.6 0.565522101170267
0.588949607655959 0.315947182982647 0.567968979267939 0.271156473717708 0.5 0.507592510304229
0.531360013531378 0.427829566253778 0.358678691765567 0.244783989555772 0.5 0.451948610308983
0.383351080912705 0.566808464223386 0.49778650936232 0.217565361185825 0.5 0.490191280468334
0.45935474306395 0.0437912588208513 0.423539598285758 0.189464000332259 0.5 0.369114291579477
0.853915038368605 0.312374614669472 0.763517566771068 0.692500967723088 0.7 0.765145462952386
0.531360013531378 0.440183246073298 0.312821546570886 0.244783989555772 0.6 0.445462747724827
0.32978740119747 0.512540513587634 0.602431653113507 0.244783989555772 0.6 0.501313890202744
0.409202344033358 0.512540513587634 0.689270655694506 0.345535478047034 0.5 0.565385699603768
0.196092761971144 0.416064156901853 0.254033548014381 0.321500095697779 0.5 0.345094361703592
0.0860241960527671 0.36020942408377 0.276490025454702 0.391482165284774 0.5 0.341389974436606
0.863902436796457 0.440183246073298 0.925753088923437 0.568169002390323 0.5 0.806377554867179
0.0377380696367257 0.32708110947322 0.43292560284213 0.617895882254132 0.6 0.47570702930833
0.730772488867881 0.504387582036723 0.868162710522254 0.413448636538203 0.7 0.730145702449166
0.0634676149522354 0.744083769633508 0.843564422612572 0.244783989555772 0.5 0.646653856580666
0 0.440183246073298 0.552322571875593 0.244783989555772 0.5 0.426746141480527
0 0.459917046304481 0.485780312957075 0.601763558267245 0.5 0.507052043200727
0.483749604067474 0.547622825109736 0.602431653113507 0.601763558267245 0.7 0.583756977647306
0.45935474306395 0.453170447934846 0.341350931974893 0.321500095697779 0.5 0.424891426246754
0.588949607655959 0.440183246073298 0.428189934555892 0.550674036574378 0.6 0.538538886793164
0.720206959297661 0.323298429319372 0.653199959947014 0.391482165284774 0.6 0.610812187733106
0.32978740119747 0.440183246073298 0.544841274712324 0.0994668458781365 0.6 0.446878968468683
0.315948554359728 0.488751822897989 0.843564422612572 0.633605536152689 0.5 0.68471252214249
0.961779750418781 0.416064156901853 0.491713601398635 0.633605536152689 0.7 0.747689660751456
0.600239642845211 0.446594649523936 1 0.706304739114956 0.6 0.808952149351683
0.0860241960527671 0.383905371339926 0.689270655694506 0.271156473717708 0.5 0.488469062475953
0.196092761971144 0.286030806586236 0.49778650936232 0.244783989555772 0.5 0.373175660476467
0.600239642845211 0.760622573636784 0.377254093357297 0.617895882254132 0.5 0.668132154309911
0.383351080912705 0.473949970913322 0.328280459090944 0.244783989555772 0.6 0.406875541368111
0.409202344033358 0.609016870273415 0.452788222465574 0.931353390248937 0.8 0.718352696134201
0.315948554359728 0.488751822897989 0.716462801421065 0.160441319476384 0.6 0.54184264602179
0.577586959006651 0.440183246073298 0.418971573188496 0.0994668458781365 0.6 0.481223428155919
0.698918830528897 0.416064156901853 0.348143078714388 0.296717525726709 0.5 0.529824788831958
0.709589507014902 0.312374614669472 0.800449988462208 0.648907157422786 0.5 0.716790458223595
0.495793640609848 0.446594649523936 0.385075500405528 0.244783989555772 0.6 0.445264898562027
0.396346984697818 0.440183246073298 0.229001136065662 0.550674036574378 0.5 0.471274979912165
0.741287341026795 0.609016870273415 0.868162710522254 0.550674036574378 0.7 0.762864799914906
0.0860241960527671 0.446594649523936 0.821107945172251 0.745698918914987 0.5 0.680009300320964
0.853915038368605 0.265814093210883 0.50400576645403 0.78229089557135 0.6 0.727616317649497
0.611459327144555 0.488751822897989 0.800449988462208 0.732892632189337 0.7 0.725260333785104
0.409202344033358 0.399430302300857 0.602431653113507 0.413448636538203 0.5 0.501964650195467
0.434519921604966 0.394137712200539 0.653199959947014 0.217565361185825 0.5 0.517652992537992
0 0.712914485165794 0.731214626703342 0.550674036574378 0.6 0.645525039667594
0.483749604067474 0.481250884392246 0.642215890344502 0.633605536152689 0.8 0.597284284878528
0.179513523673849 0.319587800216072 0.485780312957075 0.568169002390323 0.5 0.472171845927742
0.0634676149522354 0.416064156901853 0.576162895421524 0.475624239854498 0.6 0.486799504586965
0.383351080912705 0.315947182982647 0.358678691765567 0.160441319476384 0.5 0.349790411426516
0.446994834730976 0.421875985617864 0.298236497824529 0.321500095697779 0.6 0.405512551272242
0.370206596202787 0.440183246073298 0.544841274712324 0.244783989555772 0.5 0.463938057843488
0.356904626989109 0.504387582036723 0.452788222465574 0.160441319476384 0.6 0.440050066558305
0.863902436796457 0.35576643397324 0.362288354527462 1 0.5 0.793654281006168
0.383351080912705 0.338883071553229 0.611817657669879 0.413448636538203 0.6 0.497448240400329
0.483749604067474 0.440183246073298 0.334732962181678 0.244783989555772 0.6 0.427326636357775
