0.751752708324409 0.319587800216072 0.702508771767431 0.244783989555772 0.5 0.56829814869143
0 0.520929761995093 0.702508771767431 0.368853410333516 0.6 0.52066143909838
0.793141504367769 0.35576643397324 0.271328119779503 0.368853410333516 0.5 0.385466291702372
0 0.260457129989303 0.414482996046411 0.413448636538203 0.5 0.296031153613725
0.409202344033358 0.576858084711488 0.602431653113507 0.413448636538203 0.6 0.558326850709593
0.162406426895362 0.383905371339926 0.530499436299989 0.296717525726709 0.6 0.41619522074258
0.0377380696367257 0.481250884392246 0.301088313364384 0.53269085304322 0.5 0.3264773218352
0.655675667221259 0.473949970913322 0.676678564190069 0.706304739114956 0.7 0.604874642291762
0.106739379796076 0.416064156901853 0.479980368192133 0.244783989555772 0.5 0.393044872484995
0.32978740119747 0.453170447934846 0.676678564190069 0.345535478047034 0.5 0.537079409236891
0 0.538459534786799 0.393141365611134 0.345535478047034 0.5 0.379107062091662
0 0.416064156901853 0.560027224033637 0.217565361185825 0.5 0.413438518585887
0.32978740119747 0.466841186736475 0.43292560284213 0.368853410333516 0.5 0.42653108424844
0.409202344033358 0.49646112080667 0.560027224033637 0.816340271796993 0.6 0.520709657752048
0.588949607655959 0.684054036584578 0.731214626703342 0.368853410333516 0.5 0.68354787318749
0.554634086925582 0.698211992492344 0.781323707941255 0.368853410333516 0.6 0.706732459610728
0.588949607655959 0.566808464223386 0.576162895421524 0.413448636538203 0.5 0.570974934631829
0.666573517258028 0.481250884392246 0.485780312957075 0.568169002390323 0.7 0.514996196417687
0.179513523673849 0.351415051906227 0.385075500405528 0.160441319476384 0.5 0.335368767777857
0.179513523673849 0.466841186736475 0.611817657669879 0.244783989555772 0.6 0.484566838063025
0 0.338883071553229 0.393141365611134 0.633605536152689 0.6 0.318111082800463
0.383351080912705 0.399430302300857 0.702508771767431 0.189464000332259 0.5 0.535653718906821
0.803375698028507 0.488751822897989 0.49778650936232 0.475624239854498 0.7 0.54270423662143
0.434519921604966 0.421875985617864 0.273896167637825 0.345535478047034 0.5 0.351699798499564
0.611459327144555 0.63230426671481 0.510378600866757 0.745698918914987 0.6 0.573879256811559
0.144674876171709 0.609016870273415 0.716462801421065 0.53269085304322 0.7 0.584397310243078
0.709589507014902 0.504387582036723 0.621557933634459 0.455495881352293 0.4 0.591439227119956
0.863902436796457 0.576858084711488 0.631680277293323 0.345535478047034 0.5 0.642780393244271
0.471604760099056 0.305426133179628 0.229001136065662 0.130456599319066 0.5 0.29119320379452
1 0.271349621873182 0.341350931974893 0.837742077023368 0.5 0.434381536512016
0.0634676149522354 0.35576643397324 0.576162895421524 0.692500967723088 0.6 0.422356869331486
0.64471709944626 0.597945812948817 0.552322571875593 0.663814755330782 0.7 0.585333717946947
0.751752708324409 0.36020942408377 0.50400576645403 0.345535478047034 0.7 0.490360854907824
0.577586959006651 0.609016870273415 0.358678691765567 0.692500967723088 0.6 0.48716931792468
0.287639235518395 0.488751822897989 0.43292560284213 0.345535478047034 0.5 0.426736917806999
0.495793640609848 0.446594649523936 0.334732962181678 0.244783989555772 0.6 0.396278807305514
0.383351080912705 0.440183246073298 0.261304076133389 0.345535478047034 0.5 0.343837780645816
0 0.330937959826164 0.746861034095688 0.368853410333516 0.5 0.476877834701214
0.507740919617883 0.440183246073298 0.362288354527462 0.568169002390323 0.6 0.417080397978421
0.813566615881486 0.972658522396742 0.702508771767431 0.770388255517677 0.6 0.814046637028067
0.0377380696367257 0.620463217676812 0.716462801421065 0.816340271796993 0.6 0.578333897321939
0.273133964380948 0.453170447934846 0.653199959947014 0.455495881352293 0.5 0.519646420249626
0.343435260591747 0.473949970913322 0.516912789883273 0.805258220685933 0.6 0.481821763474511
0.622610799300406 0.459917046304481 0.664672367784824 0.53269085304322 0.7 0.584831995919308
0.863902436796457 0.440183246073298 0.925753088923437 0.568169002390323 0.5 0.741331849479988
0.51959520719808 0.342976007897474 0.523616716939682 0.53269085304322 0.5 0.461541700570115
0.273133964380948 0.404845975891879 0.584625511943319 0.475624239854498 0.5 0.471073799251776
0.588949607655959 0.620463217676812 0.843564422612572 0.648907157422786 0.6 0.722141775683946
0 0.488751822897989 0.664672367784824 0.189464000332259 0.5 0.48726500753375
0.258367091191525 0.351415051906227 0.381135169205889 0.217565361185825 0.5 0.347438247256116
0.196092761971144 0.529565753002772 0.59337505087416 0.585193264430183 0.4 0.508273979707446
0.666573517258028 0.744083769633508 0.800449988462208 0.413448636538203 0.6 0.750363948578206
0.409202344033358 0.459917046304481 0.560027224033637 0.217565361185825 0.5 0.49341891202688
0.243313169500131 0.473949970913322 0.485780312957075 0.413448636538203 0.5 0.441430614620381
0.106739379796076 0.760622573636784 0.800449988462208 0.633605536152689 0.5 0.67251424862406
0.273133964380948 0.512540513587634 0.355118819045373 0.160441319476384 0.5 0.39101127536868
0.370206596202787 0.512540513587634 0.653199959947014 0.434778418583807 0.5 0.554821673566517
0.162406426895362 0.481250884392246 0.689270655694506 0.271156473717708 0.6 0.524213286000299
0.483749604067474 0.446594649523936 0.552322571875593 0.475624239854498 0.5 0.503440635749561
0.873851494231752 0.0383853962327114 0.530499436299989 0.271156473717708 0.5 0.410651374198297
0.144674876171709 0.597945812948817 0.576162895421524 0.633605536152689 0.4 0.516467705989339
0.434519921604966 0.481250884392246 0.653199959947014 0.160441319476384 0.5 0.547570383871989
0.421924445236697 0.32708110947322 0.452788222465574 0.160441319476384 0.5 0.397741295741765
0.698918830528897 0.369382048828088 0.331486546039008 0.514201115642476 0.7 0.407318517541941
0 0.921976759034606 0.474307905119265 0.78229089557135 0.6 0.559383025620105
0.923046209222609 0.260457129989303 0.763517566771068 0.692500967723088 0.7 0.615388442572842
0.698918830528897 0.277072795574881 0.731214626703342 0.678341743026102 0.6 0.569756698019333
0.741287341026795 0.334871183453424 0.868162710522254 0.732892632189337 0.7 0.662622384805718
0.301904557093806 0.520929761995093 0.631680277293323 0.391482165284774 0.7 0.535539885482914
0.622610799300406 0.512540513587634 0.2081764028197 0.475624239854498 0.5 0.38452998122895
0.126184840990427 0.433930148880701 0.284431780689005 0.368853410333516 0.5 0.312409908124091
0.21221676089642 0.446594649523936 0.576162895421524 0.391482165284774 0.6 0.469544177238772
0.179513523673849 0.315947182982647 0.611817657669879 0.413448636538203 0.5 0.437233651837829
0.873851494231752 0.972658522396742 0.306888258129326 0.648907157422786 0.6 0.632683768843418
0.0860241960527671 0.512540513587634 0.544841274712324 0.368853410333516 0.5 0.456566851904926
0.162406426895362 0.404845975891879 0.463323835516753 0.368853410333516 0.5 0.393217253153698
0.421924445236697 0.504387582036723 0.414482996046411 0.495185619243854 0.5 0.448350628143991
0.633696083792089 0.538459534786799 0.452788222465574 0.706304739114956 0.6 0.517046359570491
0.243313169500131 0.151532211150519 0.676678564190069 0.244783989555772 0.5 0.417885407246986
0.483749604067474 0.529565753002772 0.249297879728143 0.413448636538203 0.5 0.386275767591818
0.531360013531378 0.504387582036723 0.377254093357297 0.413448636538203 0.7 0.446029362203451
0.446994834730976 0.302046644455021 0.303971993424357 0.189464000332259 0.5 0.323203855070005
0.813566615881486 0.323298429319372 0.664672367784824 0.495185619243854 0.5 0.5676078170009
0.0860241960527671 0.446594649523936 0.468757440006765 0.601763558267245 0.4 0.403677303176985
0.446994834730976 0.374117914864557 0.428189934555892 0.758194128634802 0.7 0.420886301152806
0.64471709944626 0.410389077096807 0.664672367784824 0.244783989555772 0.5 0.56431378942889
0.287639235518395 0.466841186736475 0.611817657669879 0.706304739114956 0.6 0.513165460765332
0.0634676149522354 0.453170447934846 0.821107945172251 0.357282325104895 0.3 0.563668234158504
0.243313169500131 0.298728047419147 0.249297879728143 0.217565361185825 0.5 0.264434545113717
0.0634676149522354 0.566808464223386 0.523616716939682 0.523510482961694 0.6 0.465251772280097
0.566149299873861 0.404845975891879 0.365949219884575 0.345535478047034 0.5 0.410527778468341
0.507740919617883 0.587231886505658 0.43292560284213 0.368853410333516 0.7 0.495897865314749
0.409202344033358 0.421875985617864 0.479980368192133 0.368853410333516 0.5 0.446152188051978
0.95214583352466 0.338883071553229 0.731214626703342 0.601763558267245 0.5 0.629191447355584
0.577586959006651 0.529565753002772 0.49778650936232 0.827165601017913 0.7 0.52946281673332
0.588949607655959 0.453170447934846 0.491713601398635 0.78229089557135 0.7 0.501195675047133
0.21221676089642 0.488751822897989 0.405733457115571 0.550674036574378 0.6 0.406913129030184
0 0.557068062827225 0.716462801421065 0.160441319476384 0.5 0.534468578451096
0.370206596202787 0.374117914864557 0.306888258129326 0.160441319476384 0.5 0.336272502381093
0.730772488867881 0.383905371339926 0.653199959947014 0.455495881352293 0.5 0.568709893994465
0.554634086925582 0.504387582036723 0.268785373296658 0.475624239854498 0.5 0.399738840459937
0.243313169500131 0.421875985617864 0.242353424527247 0.321500095697779 0.5 0.30574335129805
0.507740919617883 0.538459534786799 0.925753088923437 0.816340271796993 0.7 0.724434183985181
0 0.63230426671481 0.868162710522254 0.455495881352293 0.6 0.639514234517651
0.709589507014902 0.0539199693424685 0.328280459090944 0.244783989555772 0.6 0.293142964099311
0.51959520719808 0.481250884392246 0.315840138646661 0.0994668458781365 0.5 0.399319292711779
0.258367091191525 0.453170447934846 0.401467464446407 0.53269085304322 0.6 0.399628208935358
0.383351080912705 0.459917046304481 0.567968979267939 0.495185619243854 0.6 0.499954150470305
0.396346984697818 0.36020942408377 0.523616716939682 0.296717525726709 0.5 0.442004189003634
0.483749604067474 0.421875985617864 0.358678691765567 0.217565361185825 0.5 0.396629348918184
0.471604760099056 0.142548712689588 0.621557933634459 0.719764856137234 0.6 0.43665747005323
0.273133964380948 1 0.631680277293323 0.585193264430183 0.6 0.699290170679248
0.873851494231752 0.28299332009388 0.59337505087416 0.678341743026102 0.7 0.534090882307622
0.383351080912705 0.453170447934846 0.303971993424357 0.271156473717708 0.6 0.366699235407957
0.45935474306395 0.35576643397324 0.369662761368079 0.413448636538203 0.6 0.380252502003426
0.370206596202787 0.421875985617864 0.50400576645403 0.475624239854498 0.5 0.454011788395944
0.751752708324409 0.36020942408377 0.50400576645403 0.345535478047034 0.7 0.490360854907824
0 0.481250884392246 0.552322571875593 0.345535478047034 0.6 0.435196238330879
0 0.547622825109736 0.44266587880671 0.345535478047034 0.5 0.405760889003325
0.32978740119747 0.446594649523936 0.312821546570886 0.189464000332259 0.6 0.358127162043678
0 0.416064156901853 0.576162895421524 0.321500095697779 0.5 0.423675421883766
0 0.35576643397324 0.800449988462208 0.648907157422786 0.4 0.51773955042664
0.258367091191525 0.466841186736475 0.537570746593316 0.321500095697779 0.5 0.463722872945691
0.370206596202787 0.834128369206903 0.196443169613198 0.244783989555772 0.5 0.442915879710292
0.655675667221259 0.274187161775705 0.373430517047844 0.550674036574378 0.6 0.38878157496225
0.45935474306395 0.399430302300857 0.358678691765567 0.296717525726709 0.5 0.387050560960159
0.0634676149522354 0.547622825109736 0.631680277293323 0.244783989555772 0.6 0.50314002409997
0.698918830528897 0.410389077096807 0.468757440006765 0.805258220685933 0.6 0.493727008537657
0.434519921604966 0.446594649523936 0.602431653113507 0.368853410333516 0.5 0.516780983710226
0.633696083792089 0.466841186736475 0.447677428124407 0.455495881352293 0.6 0.483965793156794
0.32978740119747 0.512540513587634 0.510378600866757 0.130456599319066 0.5 0.473024233204769
0.0634676149522354 0.587231886505658 0.653199959947014 0.568169002390323 0.6 0.534885134632825
0.893637461175402 0.0468669260093402 0.868162710522254 0.345535478047034 0.7 0.578933120564402
0.179513523673849 0.620463217676812 0.576162895421524 0.413448636538203 0.6 0.524241066306544
0.762169733727708 0.466841186736475 0.43292560284213 0.345535478047034 0.6 0.494648240622828
0.720206959297661 0.0313210959019323 0.381135169205889 0.160441319476384 0.5 0.31013671127113
0 0.14694589877836 0.479980368192133 0.217565361185825 0.6 0.28355134114649
0.751752708324409 0.410389077096807 0.389076924440191 0.475624239854498 0.6 0.456112932758918
0.903475748621424 0.36020942408377 0.544841274712324 0.53269085304322 0.6 0.538495183267088
0.751752708324409 0.36020942408377 0.271328119779503 0.244783989555772 0.5 0.37733720273511
0.600239642845211 0.657255048616305 0.631680277293323 0 0.6 0.619784105095485
0.655675667221259 0.488751822897989 0.800449988462208 0.793911265526805 0.8 0.670891029198551
0.396346984697818 0.459917046304481 0.479980368192133 0.189464000332259 0.5 0.45265592484232
0.0634676149522354 0.427829566253778 0.289865385179016 0.296717525726709 0.6 0.30115956362166
0.144674876171709 0.453170447934846 0.458002272131325 0.345535478047034 0.6 0.403790509620572
0.64471709944626 0.504387582036723 0.373430517047844 0.244783989555772 0.5 0.45804887991192
0.434519921604966 0.512540513587634 0.224699591818461 0.217565361185825 0.5 0.356110781466751
0.471604760099056 0.433930148880701 0.479980368192133 0.434778418583807 0.5 0.461812214470755
0.370206596202787 0.404845975891879 0.369662761368079 0.391482165284774 0.6 0.382298665214987
0.196092761971144 0.378957865868861 0.458002272131325 0.495185619243854 0.7 0.390330509914952
0.588949607655959 0.36020942408377 0.664672367784824 0.434778418583807 0.5 0.543026673535032
0.343435260591747 0.298728047419147 0.344724662111933 0.217565361185825 0.5 0.325672588875602
0.0634676149522354 0.459917046304481 0.544841274712324 0.53269085304322 0.6 0.439074640105617
0.144674876171709 0.459917046304481 0.315840138646661 0.244783989555772 0.5 0.336068015267972
0.566149299873861 0.427829566253778 0.414482996046411 0.217565361185825 0.6 0.438261835353043
0.577586959006651 0.576858084711488 0.702508771767431 0.719764856137234 0.7 0.640198865857799
0 0.35576643397324 0.401467464446407 0.321500095697779 0.4 0.320106300804998
0.32978740119747 0.446594649523936 0.414482996046411 0.217565361185825 0.5 0.407115509920805
0.793141504367769 0.364746945898778 0.491713601398635 0.0994668458781365 0.5 0.486557112977597
0.434519921604966 0.351415051906227 0.576162895421524 0.189464000332259 0.6 0.467374370270202
0.409202344033358 0.453170447934846 0.188907256709517 0.244783989555772 0.5 0.315493691283854
0 0.473949970913322 0.423539598285758 0.160441319476384 0.5 0.366947255482932
0 0.670410915437093 0.800449988462208 0.53269085304322 0.5 0.622265829203065
0.409202344033358 0.330937959826164 0.567968979267939 0.368853410333516 0.6 0.456908901321443
0.698918830528897 0.383905371339926 0.642215890344502 0.732892632189337 0.7 0.565295506391381
0.531360013531378 0.488751822897989 0.468757440006765 0.617895882254132 0.7 0.489218723698249
0.421924445236697 0.504387582036723 0.414482996046411 0.495185619243854 0.5 0.448350628143991
0.409202344033358 0.308868205028763 0.268785373296658 0.189464000332259 0.5 0.302813166442169
0.531360013531378 0.587231886505658 0.821107945172251 0.475624239854498 0.6 0.686693449922272
0 0.286030806586236 0.576162895421524 0.434778418583807 0.5 0.382092366488084
0.287639235518395 0.566808464223386 0.611817657669879 0.816340271796993 0.6 0.550011523929419
0.730772488867881 0.292267062039568 0.530499436299989 0.244783989555772 0.5 0.473928319017543
0.600239642845211 0.378957865868861 0.602431653113507 0.376471547486285 0.6 0.52021057180994
0.655675667221259 0.427829566253778 0.763517566771068 0.160441319476384 0.6 0.616876129976346
0.409202344033358 0.421875985617864 0.397270840593775 0.368853410333516 0.6 0.406862076313472
0.434519921604966 0.105377584523915 0.306888258129326 0.189464000332259 0.5 0.255475428142294
0.655675667221259 0.64456079115765 0.530499436299989 0.585193264430183 0.7 0.59067420745109
0 0.529565753002772 0.642215890344502 0.585193264430183 0.6 0.500321229139163
0 0.512540513587634 0.523616716939682 0.633605536152689 0.6 0.439368689269619
0.21221676089642 0.383905371339926 0.843564422612572 0.258073787565504 0.5 0.571870083433364
0.21221676089642 0.777850494473531 0.621557933634459 0.732892632189337 0.5 0.612628924801655
0.698918830528897 0.388964056709218 0.781323707941255 0.271156473717708 0.5 0.621678035649938
0.409202344033358 0.416064156901853 0.800449988462208 0.514201115642476 0.6 0.600000000000039
0.45935474306395 0.547622825109736 0.240079518360747 0.217565361185825 0.6 0.379337559675535
0.243313169500131 0.538459534786799 0.43774979339998 0.130456599319066 0.5 0.433631668744438
0.273133964380948 0.404845975891879 0.763517566771068 0.53269085304322 0.6 0.557466309393552
0.543038617260675 0.394137712200539 0.295415850291516 0.217565361185825 0.5 0.366528303849572
0.315948554359728 0.427829566253778 0.447677428124407 0.455495881352293 0.5 0.420167698060726
0.554634086925582 0.481250884392246 0.309837852295225 0.475624239854498 0.5 0.411342724146373
0.32978740119747 0.898445940330757 0.271328119779503 0.827165601017913 0.7 0.508432894827422
0.588949607655959 0.440183246073298 0.428189934555892 0.550674036574378 0.6 0.460855116047581
0.32978740119747 0.453170447934846 0.405733457115571 0.321500095697779 0.5 0.407775619879751
0.971381606651975 0 0.479980368192133 0.217565361185825 0.5 0.387719158929106
0.64471709944626 0.898445940330757 0.821107945172251 0.514201115642476 0.5 0.811888571546358
0.793141504367769 0.504387582036723 0.385075500405528 0.391482165284774 0.5 0.490791443133676
0.720206959297661 0.712914485165794 0.611817657669879 0.877706630636264 0.7 0.670126071289067
0.162406426895362 0.330937959826164 0.362288354527462 0.321500095697779 0.5 0.318821809022043
0 0.378957865868861 0.781323707941255 0.648907157422786 0.7 0.516570112360929
0.709589507014902 0.131341250585281 0.325113711626281 0.0342879522381606 0.5 0.31285723088222
0.782863100125991 0.399430302300857 0.689270655694506 0.585193264430183 0.7 0.602629341619838
0.144674876171709 0.399430302300857 0.401467464446407 0.514201115642476 0.6 0.362764102676993
0 0.36020942408377 0.491713601398635 0.455495881352293 0.6 0.367808887542685
0.421924445236697 0.323298429319372 0.303971993424357 0.391482165284774 0.5 0.331473927217599
0.21221676089642 0.576858084711488 0.43774979339998 0.296717525726709 0.5 0.445912502427531
0.622610799300406 0.520929761995093 0.731214626703342 0.758194128634802 0.6 0.642848445220292
0.434519921604966 0.712914485165794 0.341350931974893 0.550674036574378 0.6 0.488163746539465
0.51959520719808 0.433930148880701 0.537570746593316 0.585193264430183 0.6 0.500516214532484
0.0377380696367257 0.466841186736475 0.516912789883273 0.53269085304322 0.6 0.424083335690986
0.409202344033358 0.399430302300857 0.292625696842589 0.321500095697779 0.5 0.348318272204287
0.88376293551188 0.369382048828088 0.763517566771068 0.719764856137234 0.6 0.647002888842593
0.301904557093806 0.271349621873182 0.960215762769004 0.601763558267245 0.6 0.611617184700687
0.698918830528897 0.453170447934846 0.338020735055524 0.368853410333516 0.6 0.435426560005503
0.495793640609848 0.453170447934846 0.414482996046411 0.321500095697779 0.5 0.438305993568345
0.622610799300406 0.566808464223386 0.702508771767431 0.455495881352293 0.6 0.63738227237331
0 0.229449306378263 0.895354856248814 0.550674036574378 0.3 0.517274524128404
0.88376293551188 0.404845975891879 0.702508771767431 0.877706630636264 0.8 0.63403509519706
0.343435260591747 0.459917046304481 0.530499436299989 0.475624239854498 0.5 0.475329102739784
0.258367091191525 0.657255048616305 0.602431653113507 0.770388255517677 0.6 0.57063857952498
0 0.416064156901853 0.653199959947014 0.345535478047034 0.6 0.46086565576587
0.343435260591747 0.364746945898778 0.369662761368079 0.368853410333516 0.6 0.363797890718503
0.162406426895362 0.481250884392246 0.689270655694506 0.271156473717708 0.6 0.524213286000299
0.471604760099056 0.453170447934846 0.381135169205889 0.244783989555772 0.6 0.416723221544696
0.343435260591747 0.446594649523936 0.621557933634459 0.321500095697779 0.6 0.510223974312851
0.179513523673849 0.388964056709218 0.611817657669879 0.455495881352293 0.6 0.46319798807638
0.531360013531378 0.587231886505658 0.664672367784824 0.550674036574378 0.6 0.614237815274582
0.370206596202787 0.440183246073298 0.567968979267939 0.321500095697779 0.5 0.486831986233401
0.0860241960527671 0.440183246073298 0.306888258129326 0.321500095697779 0.6 0.317659808475659
0.343435260591747 0.364746945898778 0.279110217303576 0.262457481739259 0.6 0.318149294127059
0.543038617260675 0.394137712200539 0.516912789883273 0.160441319476384 0.5 0.470334084652322
0.751752708324409 0.557068062827225 0.621557933634459 0.78229089557135 0.6 0.624206539218087
0.942479313455689 0.481250884392246 0.344724662111933 0.719764856137234 0.7 0.495574886583605
0 0.587231886505658 0.602431653113507 0.758194128634802 0.6 0.50538712099419
0.356904626989109 0.488751822897989 0.485780312957075 0.189464000332259 0.5 0.458987345260444
0.720206959297661 0.323298429319372 0.653199959947014 0.391482165284774 0.6 0.544759472040444
0.315948554359728 0.35576643397324 0.523616716939682 0.244783989555772 0.5 0.426429317334818
0.51959520719808 0.416064156901853 0.181585157668097 0.244783989555772 0.5 0.316887923361629
0.21221676089642 0.295468711044627 0.664672367784824 0.244783989555772 0.5 0.456373493643969
0.409202344033358 0.280007756447547 0.198362038529548 0.189464000332259 0.5 0.259508110399768
0.106739379796076 0.597945812948817 0.731214626703342 0.455495881352293 0.6 0.579688802977497
0.803375698028507 0.03155693822664 0.479980368192133 0.160441319476384 0.5 0.37038569298807
0.446994834730976 0.453170447934846 0.423539598285758 0.495185619243854 0.6 0.439153208871851
0.793141504367769 0.684054036584578 0.702508771767431 0.475624239854498 0.7 0.704994268037021
0.495793640609848 0.427829566253778 0.362288354527462 0.296717525726709 0.5 0.404248387577148
0.0377380696367257 0.440183246073298 0.43292560284213 0.296717525726709 0.5 0.369247614295799
0.698918830528897 0.410389077096807 0.50400576645403 0.475624239854498 0.6 0.502314510333646
0.554634086925582 0.416064156901853 0.731214626703342 0.53269085304322 0.6 0.590673417964875
0.45935474306395 0.777850494473531 0.458002272131325 0.816340271796993 0.5 0.57626250039274
0.893637461175402 0.0342284524010583 0.423539598285758 0.189464000332259 0.5 0.35954450630296
0 0.744083769633508 0.393141365611134 0.931353390248937 0.6 0.463791705852567
0.893637461175402 0.0313210959019323 0.567968979267939 0.130456599319066 0.6 0.425701308531724
0.688193568422137 0.351415051906227 0.17800056281748 0.189464000332259 0.5 0.318534462430369
0.666573517258028 0.323298429319372 0.868162710522254 0.692500967723088 0.7 0.645802547057012
0.588949607655959 0.587231886505658 0.895354856248814 0.648907157422786 0.7 0.7354008447214
0.243313169500131 0.49646112080667 0.474307905119265 0.692500967723088 0.6 0.450569970709779
0.543038617260675 0.538459534786799 0.418971573188496 0.434778418583807 0.6 0.479860208555425
0.698918830528897 0.277072795574881 0.731214626703342 0.678341743026102 0.6 0.569756698019333
0.577586959006651 0.587231886505658 0.584625511943319 0.244783989555772 0.6 0.575987588667485
0.698918830528897 0.394137712200539 0.560027224033637 0.368853410333516 0.6 0.520737448925594
0.343435260591747 0.369382048828088 0.348143078714388 0.160441319476384 0.4 0.350000261834556
0.698918830528897 0.404845975891879 0.235590941218663 0.244783989555772 0.5 0.367203223110755
0.301904557093806 0.338883071553229 0.341350931974893 0.189464000332259 0.5 0.330483122115526
0.471604760099056 0.473949970913322 0.381135169205889 0.244783989555772 0.5 0.42381618946357
0.698918830528897 0.095762652705061 0.689270655694506 0.514201115642476 0.6 0.483880948465421
0.677412295281108 0.481250884392246 0.59337505087416 0.244783989555772 0.5 0.559827569528525
0.396346984697818 0.547622825109736 0.365949219884575 0.391482165284774 0.5 0.433423650727706
0.434519921604966 0.383905371339926 0.35160738147224 0.745698918914987 0.6 0.385556493659343
0.588949607655959 0.446594649523936 0.385075500405528 0.321500095697779 0.5 0.436891753729759
0.507740919617883 0.399430302300857 0.468757440006765 0.475624239854498 0.7 0.451456395341827
0.873851494231752 0.421875985617864 0.49778650936232 0.368853410333516 0.7 0.528431273302367
0.971381606651975 0.547622825109736 0.523616716939682 0.837742077023368 0.7 0.610722109342152
0.21221676089642 0.698211992492344 0.611817657669879 0.706304739114956 0.5 0.580159880709641
0.258367091191525 0.466841186736475 0.510378600866757 0.568169002390323 0.6 0.456909392966101
0.356904626989109 0.347152473554867 0.295415850291516 0.160441319476384 0.5 0.31950485351656
0.0634676149522354 0.427829566253778 0.289865385179016 0.296717525726709 0.6 0.30115956362166
0.471604760099056 0.191771990084592 0.485780312957075 0.244783989555772 0.6 0.377206743705373
0.600239642845211 0.347152473554867 0.621557933634459 0.296717525726709 0.5 0.516466177792977
0.196092761971144 0.280007756447547 0.731214626703342 0.53269085304322 0.6 0.487268599200152
0.709589507014902 0.0434928607575779 0.523616716939682 0.217565361185825 0.5 0.381702220015242
0.793141504367769 0.374117914864557 0.642215890344502 0.719764856137234 0.7 0.576599269422348
0.32978740119747 0.421875985617864 0.689270655694506 0.413448636538203 0.6 0.534059448033117
0 0.466841186736475 0.479980368192133 0.514201115642476 0.6 0.400085945497757
0.45935474306395 0.410389077096807 0.369662761368079 0.568169002390323 0.6 0.402726163891351
0.600239642845211 0.378957865868861 0.602431653113507 0.376471547486285 0.6 0.52021057180994
0.698918830528897 0.388964056709218 0.781323707941255 0.271156473717708 0.5 0.621678035649938
0.243313169500131 0.351415051906227 0.611817657669879 0.217565361185825 0.5 0.454629365301052
0.196092761971144 0.169264174682414 0.702508771767431 0.321500095697779 0.4 0.430604677222668
0.531360013531378 0.369382048828088 0.244647543458009 0.244783989555772 0.5 0.332779364354858
0.622610799300406 0.347152473554867 0.895354856248814 0.758194128634802 0.6 0.661503323751601
0.0860241960527671 0.684054036584578 0.746861034095688 0.648907157422786 0.6 0.618008816840938
0.698918830528897 0.083756706095275 0.249297879728143 0.189464000332259 0.5 0.262743708088201
0.446994834730976 0.36020942408377 0.341350931974893 0.130456599319066 0.6 0.359353634465421
0.106739379796076 0.274187161775705 0.423539598285758 0.550674036574378 0.6 0.325373749811263
0.611459327144555 0.657255048616305 0.544841274712324 0.568169002390323 0.6 0.594374150743396
0.0377380696367257 0.394137712200539 0.716462801421065 0.475624239854498 0.7 0.492648024525203
0.772539513544533 0.488751822897989 0.925753088923437 0.633605536152689 0.6 0.745014509062915
0 0.566808464223386 0.43292560284213 0.514201115642476 0.6 0.411856418252412
0.51959520719808 0.481250884392246 0.315840138646661 0.0994668458781365 0.5 0.399319292711779
0.64471709944626 0.410389077096807 0.664672367784824 0.244783989555772 0.5 0.56431378942889
0.698918830528897 0.342976007897474 0.200295281129751 0.321500095697779 0.5 0.331215852378187
0.677412295281108 0.576858084711488 0.602431653113507 0.53269085304322 0.6 0.603888982922951
0.421924445236697 0.473949970913322 0.263773823978961 0.296717525726709 0.5 0.361457370235141
0.421924445236697 0.512540513587634 0.664672367784824 0.160441319476384 0.5 0.561699647274551
0.370206596202787 0.433930148880701 0.576162895421524 0.321500095697779 0.5 0.488589944206276
0.782863100125991 0.481250884392246 0.385075500405528 0.514201115642476 0.5 0.484297571323874
0.709589507014902 0.529565753002772 0.702508771767431 0.633605536152689 0.6 0.642895626510583
0.106739379796076 0.834128369206903 0.315840138646661 0.475624239854498 0.4 0.463488023154434
0.0377380696367257 0.453170447934846 0.567968979267939 0.816340271796993 0.6 0.450689388332836
0.611459327144555 0.404845975891879 0.25165485209438 0.189464000332259 0.5 0.359570281096032
0.677412295281108 0.481250884392246 0.653199959947014 0.719764856137234 0.6 0.600000000000114
0.0634676149522354 0.416064156901853 0.843564422612572 0.568169002390323 0.3 0.566888259953686
0.356904626989109 0.504387582036723 0.452788222465574 0.160441319476384 0.6 0.447933881549695
0.0634676149522354 0.547622825109736 0.631680277293323 0.244783989555772 0.6 0.50314002409997
0.813566615881486 0.538459534786799 0.611817657669879 0.391482165284774 0.6 0.613377700753578
0.409202344033358 0.364746945898778 0.258857738572231 0.160441319476384 0.5 0.316452884878631
0 0.566808464223386 0.43292560284213 0.514201115642476 0.6 0.411856418252412
0 0.351415051906227 0.523616716939682 0.0994668458781365 0.6 0.371152238459483
0.709589507014902 0.453170447934846 0.468757440006765 0.568169002390323 0.6 0.504158711866218
0.179513523673849 0.657255048616305 0.960215762769004 0.837742077023368 0.5 0.72973829325907
0.751752708324409 0.427829566253778 0.59337505087416 0.321500095697779 0.7 0.55530158357998
0.611459327144555 0.520929761995093 0.516912789883273 0.550674036574378 0.7 0.534140332161391
0.409202344033358 0.374117914864557 0.485780312957075 0.368853410333516 0.6 0.43260544174591
0.566149299873861 0.378957865868861 0.653199959947014 0.475624239854498 0.5 0.541364880885929
0.356904626989109 0.351415051906227 0.242353424527247 0.160441319476384 0.5 0.29575322741019
0.0634676149522354 0.265814093210883 0.218378785766026 0.345535478047034 0.5 0.213105729595541
0.21221676089642 0.374117914864557 0.821107945172251 0.258073787565504 0.6 0.557861528047315
0.873851494231752 0.394137712200539 0.50400576645403 0.321500095697779 0.6 0.520745601768332
0.287639235518395 0.330937959826164 0.567968979267939 0.368853410333516 0.5 0.437595727263545
0.421924445236697 0.277072795574881 0.523616716939682 0.321500095697779 0.5 0.41830281719884
0.421924445236697 0.453170447934846 0.410071150488169 0.413448636538203 0.5 0.426749593886164
0.588949607655959 0.609016870273415 0.428189934555892 0.568169002390323 0.7 0.51891839202397
0.383351080912705 0.427829566253778 0.405733457115571 0.160441319476384 0.5 0.403650128490786
0.873851494231752 0.268558983456651 0.781323707941255 0.648907157422786 0.7 0.617718074781452
0.471604760099056 0.473949970913322 0.746861034095688 0.648907157422786 0.6 0.607549619473263
0.622610799300406 0.383905371339926 0.355118819045373 0.244783989555772 0.6 0.404712137831561
0.566149299873861 0.814553456256165 0.405733457115571 0.732892632189337 0.6 0.578863137791272
0.600239642845211 0.538459534786799 0.689270655694506 0.475624239854498 0.5 0.618360820595934
0.554634086925582 0.433930148880701 0.781323707941255 0.550674036574378 0.6 0.621020545065972
0.196092761971144 0.698211992492344 0.567968979267939 0.617895882254132 0.5 0.554580773253562
0.531360013531378 0.744083769633508 0.925753088923437 0.568169002390323 0.7 0.792234278636844
0.471604760099056 0.347152473554867 0.763517566771068 0.130456599319066 0.5 0.559351493521231
0 0.421875985617864 0.611817657669879 0.217565361185825 0.5 0.440024740552598
0.688193568422137 0.459917046304481 0.689270655694506 0.568169002390323 0.5 0.607814378222617
0.633696083792089 0.504387582036723 0.642215890344502 0.601763558267245 0.7 0.592814445491806
0.434519921604966 0.440183246073298 0.204205760188896 0.345535478047034 0.5 0.324843330264104
0.144674876171709 0.421875985617864 0.59337505087416 0.271156473717708 0.5 0.455574947106148
0.762169733727708 0.23162406323786 0.44266587880671 0.368853410333516 0.5 0.419562254374052
0.144674876171709 0.446594649523936 0.50400576645403 0.391482165284774 0.6 0.424536223223422
0.903475748621424 0.383905371339926 0.676678564190069 0.160441319476384 0.6 0.600000000000074
0.84388854857546 0.433930148880701 0.59337505087416 0.53269085304322 0.6 0.577247837951877
0.179513523673849 0.369382048828088 0.702508771767431 0.368853410333516 0.5 0.497451486493256
0.751752708324409 0.421875985617864 0.418971573188496 0.160441319476384 0.5 0.466435816953286
0.971381606651975 0.338883071553229 0.491713601398635 0.601763558267245 0.7 0.518475581243847
0.741287341026795 0.481250884392246 0.716462801421065 0.719764856137234 0.7 0.640200271513217
0.0634676149522354 0.440183246073298 0.602431653113507 0.495185619243854 0.6 0.458768137859601
0.677412295281108 0.547622825109736 0.642215890344502 0.568169002390323 0.7 0.613686600385257
0.370206596202787 0.351415051906227 0.385075500405528 0.271156473717708 0.5 0.368404509451924
0.396346984697818 0.342976007897474 0.328280459090944 0.217565361185825 0.5 0.341371038283619
0.666573517258028 0.481250884392246 0.746861034095688 0.758194128634802 0.6 0.643721438326158
0.179513523673849 0.466841186736475 0.642215890344502 0.0994668458781365 0.5 0.495411270853055
0 0.777850494473531 0.49778650936232 0.931353390248937 0.7 0.525028126612481
0.655675667221259 0.557068062827225 0.716462801421065 0.931353390248937 0.6 0.657714323347932
0.0634676149522354 0.49646112080667 0.552322571875593 0.758194128634802 0.7 0.460682702123207
0.633696083792089 0.302046644455021 0.530499436299989 0.53269085304322 0.5 0.468967873742531
0.813566615881486 0.323298429319372 0.664672367784824 0.495185619243854 0.5 0.5676078170009
0.893637461175402 0.2891215823153 0.642215890344502 0.877706630636264 0.6 0.567460687779613
0.495793640609848 0.255270229092219 0.389076924440191 0.271156473717708 0.5 0.35743933696079
0.287639235518395 0.466841186736475 0.43774979339998 0.189464000332259 0.5 0.417687544400904
0.21221676089642 0.440183246073298 0.560027224033637 0.53269085304322 0.7 0.463184834950612
0.144674876171709 0.466841186736475 0.611817657669879 0.271156473717708 0.6 0.479684480343711
0.315948554359728 0.342976007897474 0.229001136065662 0.189464000332259 0.5 0.280741097733355
0.772539513544533 0.795811518324607 0.925753088923437 0.692500967723088 0.6 0.851284892706519
0.243313169500131 0.342976007897474 0.214249310783385 0.244783989555772 0.5 0.263562471039193
0.409202344033358 0.538459534786799 0.463323835516753 0.368853410333516 0.4 0.478034822154194
0.0634676149522354 0.538459534786799 0.653199959947014 0.217565361185825 0.6 0.509561318132606
0.577586959006651 0.433930148880701 0.381135169205889 0.321500095697779 0.5 0.428891771198541
0.343435260591747 0.433930148880701 0.261304076133389 0.244783989555772 0.5 0.332868662735944
0 0.416064156901853 0.576162895421524 0.321500095697779 0.5 0.423675421883766
0.409202344033358 0.453170447934846 0.377254093357297 0.585193264430183 0.6 0.413388868788101
0.730772488867881 0.265814093210883 0.164140229545472 0.189464000332259 0.5 0.289495571573339
0.434519921604966 0.351415051906227 0.576162895421524 0.189464000332259 0.6 0.467374370270202
0.495793640609848 0.446594649523936 0.447677428124407 0.244783989555772 0.6 0.449931642909712
0.611459327144555 0.421875985617864 0.401467464446407 0.244783989555772 0.5 0.437918844572935
0.677412295281108 0.587231886505658 0.560027224033637 0.368853410333516 0.6 0.583232187685109
0.566149299873861 0.123028494071211 0.287134283710751 0.0994668458781365 0.6 0.270802053431791
0.0860241960527671 0.440183246073298 0.491713601398635 0.550674036574378 0.6 0.411129635113128
0.301904557093806 0.557068062827225 0.746861034095688 0.475624239854498 0.7 0.604672728482245
0.273133964380948 0.416064156901853 0.463323835516753 0.296717525726709 0.5 0.412853203512718
0.0634676149522354 0.49646112080667 0.295415850291516 0.585193264430183 0.6 0.334361529852413
0.434519921604966 0.427829566253778 0.181585157668097 0.217565361185825 0.5 0.306714233020314
0.64471709944626 0.529565753002772 0.576162895421524 0.770388255517677 0.6 0.575954783394171
0.762169733727708 0.416064156901853 0.800449988462208 0.244783989555772 0.6 0.649410508643087
0.893637461175402 0.744083769633508 0 0.758194128634802 0.7 0.414725514940353
0.273133964380948 0.369382048828088 0.43292560284213 0.391482165284774 0.5 0.384823189794727
0.126184840990427 0.481250884392246 0.702508771767431 0.475624239854498 0.6 0.529806769487844
0.554634086925582 0.481250884392246 0.309837852295225 0.475624239854498 0.5 0.411342724146373
0.600239642845211 0.587231886505658 0.689270655694506 0.585193264430183 0.5 0.637720253329841
0.782863100125991 0.481250884392246 0.925753088923437 0.345535478047034 0.6 0.736965981367642
0.666573517258028 0.481250884392246 0.485780312957075 0.568169002390323 0.7 0.514996196417687
0.0860241960527671 0.473949970913322 0.576162895421524 0.455495881352293 0.6 0.460417097273653
0.611459327144555 0.378957865868861 0.746861034095688 0.296717525726709 0.5 0.588628921610934
0.495793640609848 0.35576643397324 0.458002272131325 0.368853410333516 0.7 0.426902740687092
0.434519921604966 0.298728047419147 0.405733457115571 0.413448636538203 0.5 0.373972112111849
0.803375698028507 0.459917046304481 0.763517566771068 0.271156473717708 0.5 0.654034282972719
0.793141504367769 0.512540513587634 0.510378600866757 0.0994668458781365 0.5 0.545872149002859
0.655675667221259 0.609016870273415 0.458002272131325 0.271156473717708 0.5 0.536331823945713
0.434519921604966 0.0347299291039416 0.447677428124407 0.217565361185825 0.5 0.298935741689281
0 0.374117914864557 0.576162895421524 0.368853410333516 0.6 0.410529073211282
0.258367091191525 0.63230426671481 0.664672367784824 0.345535478047034 0.6 0.5811754881964
0.588949607655959 0.315947182982647 0.567968979267939 0.271156473717708 0.5 0.477931487184942
0.531360013531378 0.427829566253778 0.358678691765567 0.244783989555772 0.5 0.406899130845141
0.383351080912705 0.566808464223386 0.49778650936232 0.217565361185825 0.5 0.496231922442288
0.45935474306395 0.0437912588208513 0.423539598285758 0.189464000332259 0.5 0.293812635947096
0.853915038368605 0.312374614669472 0.763517566771068 0.692500967723088 0.7 0.622127049482275
0.531360013531378 0.440183246073298 0.312821546570886 0.244783989555772 0.6 0.389332131743663
0.32978740119747 0.512540513587634 0.602431653113507 0.244783989555772 0.6 0.519581890602924
0.409202344033358 0.512540513587634 0.689270655694506 0.345535478047034 0.5 0.57594368655124
0.196092761971144 0.416064156901853 0.254033548014381 0.321500095697779 0.5 0.301805934005368
0.0860241960527671 0.36020942408377 0.276490025454702 0.391482165284774 0.5 0.277652621212411
0.863902436796457 0.440183246073298 0.925753088923437 0.568169002390323 0.5 0.741331849479988
0.0377380696367257 0.32708110947322 0.43292560284213 0.617895882254132 0.6 0.338588400052682
0.730772488867881 0.504387582036723 0.868162710522254 0.413448636538203 0.7 0.710910659231387
0.0634676149522354 0.744083769633508 0.843564422612572 0.244783989555772 0.5 0.670853686727366
0 0.440183246073298 0.552322571875593 0.244783989555772 0.5 0.418684953466196
0 0.459917046304481 0.485780312957075 0.601763558267245 0.5 0.402644347241562
0.483749604067474 0.547622825109736 0.602431653113507 0.601763558267245 0.7 0.564851000526729
0.45935474306395 0.453170447934846 0.341350931974893 0.321500095697779 0.5 0.397776353921576
0.588949607655959 0.440183246073298 0.428189934555892 0.550674036574378 0.6 0.460855116047581
0.720206959297661 0.323298429319372 0.653199959947014 0.391482165284774 0.6 0.544759472040444
0.32978740119747 0.440183246073298 0.544841274712324 0.0994668458781365 0.6 0.463929722450289
0.315948554359728 0.488751822897989 0.843564422612572 0.633605536152689 0.5 0.633431556246862
0.961779750418781 0.416064156901853 0.491713601398635 0.633605536152689 0.7 0.544083336153708
0.600239642845211 0.446594649523936 1 0.706304739114956 0.6 0.740319487114026
0.0860241960527671 0.383905371339926 0.689270655694506 0.271156473717708 0.5 0.478849844450769
0.196092761971144 0.286030806586236 0.49778650936232 0.244783989555772 0.5 0.371313232272793
0.600239642845211 0.760622573636784 0.377254093357297 0.617895882254132 0.5 0.549495858810686
0.383351080912705 0.473949970913322 0.328280459090944 0.244783989555772 0.6 0.384687046366316
0.409202344033358 0.609016870273415 0.452788222465574 0.931353390248937 0.8 0.511033364618922
0.315948554359728 0.488751822897989 0.716462801421065 0.160441319476384 0.6 0.561345130099739
0.577586959006651 0.440183246073298 0.418971573188496 0.0994668458781365 0.6 0.443505736463809
0.698918830528897 0.416064156901853 0.348143078714388 0.296717525726709 0.5 0.425784039665392
0.709589507014902 0.312374614669472 0.800449988462208 0.648907157422786 0.5 0.615663079100842
0.495793640609848 0.446594649523936 0.385075500405528 0.244783989555772 0.6 0.420193391386082
0.396346984697818 0.440183246073298 0.229001136065662 0.550674036574378 0.5 0.335633523856071
0.741287341026795 0.609016870273415 0.868162710522254 0.550674036574378 0.7 0.751691416476069
0.0860241960527671 0.446594649523936 0.821107945172251 0.745698918914987 0.5 0.574618610193382
0.853915038368605 0.265814093210883 0.50400576645403 0.78229089557135 0.6 0.485177946253285
0.611459327144555 0.488751822897989 0.800449988462208 0.732892632189337 0.7 0.662356316544325
0.409202344033358 0.399430302300857 0.602431653113507 0.413448636538203 0.5 0.497762921024621
0.434519921604966 0.394137712200539 0.653199959947014 0.217565361185825 0.5 0.519248345235801
0 0.712914485165794 0.731214626703342 0.550674036574378 0.6 0.604329785015246
0.483749604067474 0.481250884392246 0.642215890344502 0.633605536152689 0.8 0.561882253578273
0.179513523673849 0.319587800216072 0.485780312957075 0.568169002390323 0.5 0.382432457572189
0.0634676149522354 0.416064156901853 0.576162895421524 0.475624239854498 0.6 0.437572543715182
0.383351080912705 0.315947182982647 0.358678691765567 0.160441319476384 0.5 0.343106965896943
0.446994834730976 0.421875985617864 0.298236497824529 0.321500095697779 0.6 0.364649544696821
0.370206596202787 0.440183246073298 0.544841274712324 0.244783989555772 0.5 0.473947129234535
0.356904626989109 0.504387582036723 0.452788222465574 0.160441319476384 0.6 0.447933881549695
0.863902436796457 0.35576643397324 0.362288354527462 1 0.5 0.455535520095086
0.383351080912705 0.338883071553229 0.611817657669879 0.413448636538203 0.6 0.477447098021785
0.483749604067474 0.440183246073298 0.334732962181678 0.244783989555772 0.6 0.392176832479984
